衣服 1200 皮甲 6036 桃花源 20 1000 8800 0 70 0 40 0
衣服 1201 沙场甲 6036 禁卫军 20 1000 8800 0 73 0 40 0
衣服 1202 随风行装 6036 唐门 20 1000 8800 0 60 0 35 0
衣服 1203 青柳行装 6036 蜀山 20 1000 8800 0 70 0 45 0
衣服 1204 古藤袍 6036 茅山 20 1000 8800 0 45 0 70 0
衣服 1205 古甲袍 6036 云梦泽 20 1000 8800 0 46 0 75 0
衣服 1206 细麻袍 6036 昆仑山 20 1000 8800 0 42 0 70 0
帽子 1207 皮革盔 6678 桃花源 20 2000 8800 0 35 0 20 0
帽子 1208 沙场盔 6678 禁卫军 20 2000 8800 0 40 0 15 0
帽子 1209 古藤冠 6678 茅山 20 2000 8800 0 25 0 35 0
帽子 1210 古甲冠 6678 云梦泽 20 2000 8800 0 26 0 35 0
帽子 1211 细麻冠 6678 昆仑山 20 2000 8800 0 23 0 35 0
帽子 1212 青柳头巾 6678 蜀山 20 2000 8800 0 35 0 23 0
帽子 1213 随风头巾 6678 唐门 20 2000 8800 0 27 0 20 0
鞋子 1214 古甲鞋 8805 云梦泽 20 2000 8800 0 9 0 0 11
鞋子 1215 古藤鞋 8805 茅山 20 2000 8800 0 8 0 0 11
鞋子 1216 细麻鞋 8805 昆仑山 20 2000 8800 0 8 0 0 11
鞋子 1217 皮革靴 8805 桃花源 20 2000 8800 0 15 0 0 10
鞋子 1218 青柳鞋 8805 蜀山 20 2000 8800 0 14 0 0 14
鞋子 1219 沙场靴 8805 禁卫军 20 2000 8800 0 14 0 0 9
鞋子 1220 随风靴 8805 唐门 20 2000 8800 0 8 0 0 20
衣服 1221 狂战甲 6078 禁卫军 30 3000 9000 0 95 0 51 0
衣服 1222 丝绸甲 6078 桃花源 30 3000 9000 0 90 0 55 0
衣服 1223 碧龙行装 6078 蜀山 30 3000 9000 0 90 0 60 0
衣服 1224 天水行装 6078 唐门 30 3000 9000 0 81 0 51 0
衣服 1225 传风袍 6078 云梦泽 30 3000 9000 0 60 0 100 0
衣服 1226 青龙袍 6078 昆仑山 30 3000 9000 0 55 0 95 0
衣服 1227 玉露袍 6078 茅山 30 3000 9000 0 59 0 97 0
帽子 1228 狂战盔 6540 禁卫军 30 3000 9000 0 60 0 20 0
帽子 1229 丝绸盔 6574 桃花源 30 3000 9000 0 55 0 25 0
帽子 1230 传风冠 6538 云梦泽 30 3000 9000 0 32 0 46 0
帽子 1231 青龙冠 6538 昆仑山 30 3000 9000 0 29 0 46 0
帽子 1232 玉露冠 6538 茅山 30 3000 9000 0 31 0 46 0
帽子 1233 碧龙头巾 6600 蜀山 30 3000 9000 0 46 0 29 0
帽子 1234 天水头巾 6505 唐门 30 3000 9000 0 35 0 26 0
鞋子 1235 碧龙鞋 8805 蜀山 30 3000 9000 0 20 0 0 15
鞋子 1236 传风鞋 8805 云梦泽 30 3000 9000 0 11 0 0 15
鞋子 1237 青龙鞋 8805 昆仑山 30 3000 9000 0 10 0 0 15
鞋子 1238 玉露鞋 8805 茅山 30 3000 9000 0 10 0 0 15
鞋子 1239 狂战靴 8806 禁卫军 30 3000 9000 0 19 0 0 15
鞋子 1240 丝绸靴 8806 桃花源 30 3000 9000 0 20 0 0 16
鞋子 1241 天水靴 8806 唐门 30 3000 9000 0 13 0 0 26
衣服 1242 绿青甲 6036 桃花源 40 3000 9000 0 110 0 70 0
衣服 1243 破敌甲 6036 禁卫军 40 3000 9000 0 115 0 66 0
衣服 1244 鲤鱼行装 6003 唐门 40 3000 9000 0 110 0 75 0
衣服 1245 舞天行装 6003 蜀山 40 3000 9000 0 101 0 66 0
衣服 1246 唤云袍 6015 茅山 40 3000 9000 0 64 0 112 0
衣服 1247 浑霜袍 6015 云梦泽 40 3000 9000 0 75 0 115 0
衣服 1248 宣明袍 6015 昆仑山 40 3000 9000 0 70 0 110 0
帽子 1249 绿青盔 6560 桃花源 40 4000 9800 0 75 0 30 0
帽子 1250 破敌盔 6560 禁卫军 40 4000 9800 0 80 0 25 0
帽子 1251 唤云冠 6558 茅山 40 4000 9800 0 37 0 57 0
帽子 1252 浑霜冠 6558 云梦泽 40 4000 9800 0 38 0 57 0
帽子 1253 宣明冠 6558 昆仑山 40 4000 9800 0 35 0 57 0
帽子 1254 鲤鱼头巾 6554 唐门 40 4000 9800 0 55 0 31 0
帽子 1255 舞天头巾 6600 蜀山 40 4000 9800 0 66 0 34 0
鞋子 1256 唤云鞋 8804 茅山 40 4000 9800 0 15 0 0 20
鞋子 1257 浑霜鞋 8804 云梦泽 40 4000 9800 0 16 0 0 20
鞋子 1258 舞天鞋 8804 蜀山 40 4000 9800 0 25 0 0 20
鞋子 1259 宣明鞋 8804 昆仑山 40 4000 9800 0 15 0 0 20
鞋子 1260 鲤鱼靴 8805 唐门 40 4000 9800 0 15 0 0 30
鞋子 1261 绿青靴 8805 桃花源 40 4000 9800 0 22 0 0 20
鞋子 1262 破敌靴 8805 禁卫军 40 4000 9800 0 21 0 0 19
衣服 1263 踏云甲 6056 桃花源 50 4000 9800 0 130 0 83 0
衣服 1264 战天甲 6056 禁卫军 50 4000 9800 0 125 0 80 0
衣服 1265 赶日行装 6023 唐门 50 4000 9800 0 130 0 90 0
衣服 1266 鹤啸行装 6023 蜀山 50 4000 9800 0 121 0 80 0
衣服 1267 龙头袍 6025 昆仑山 50 4000 9800 0 84 0 134 0
衣服 1268 翼飞袍 6025 茅山 50 4000 9800 0 78 0 136 0
衣服 1269 跃天袍 6025 云梦泽 50 4000 9800 0 89 0 139 0
帽子 1270 踏云盔 6580 桃花源 50 4500 12800 0 95 0 36 0
帽子 1271 战天盔 6580 禁卫军 50 4500 12800 0 90 0 30 0
帽子 1272 龙头冠 6578 昆仑山 50 4500 12800 0 41 0 67 0
帽子 1273 翼飞冠 6578 茅山 50 4500 12800 0 43 0 67 0
帽子 1274 跃天冠 6578 云梦泽 50 4500 12800 0 44 0 67 0
帽子 1275 赶日头巾 6603 唐门 50 4500 12800 0 75 0 39 0
帽子 1276 鹤啸头巾 6500 蜀山 50 4500 12800 0 86 0 42 0
鞋子 1277 鹤啸鞋 8809 蜀山 50 4500 12800 0 25 0 0 25
鞋子 1278 龙头鞋 8809 昆仑山 50 4500 12800 0 20 0 0 25
鞋子 1279 翼飞鞋 8809 茅山 50 4500 12800 0 20 0 0 25
鞋子 1280 跃天鞋 8809 云梦泽 50 4500 12800 0 21 0 0 25
鞋子 1281 赶日靴 8808 唐门 50 4500 12800 0 17 0 0 34
鞋子 1282 踏云靴 8808 桃花源 50 4500 12800 0 24 0 0 24
鞋子 1283 战天靴 8808 禁卫军 50 4500 12800 0 23 0 0 23
衣服 1284 玉清甲 6038 桃花源 60 4500 12800 0 150 0 98 0
衣服 1285 战将披甲 6038 禁卫军 60 4500 12800 0 145 0 95 0
衣服 1286 金丝行装 6058 唐门 60 4500 12800 0 150 0 105 0
衣服 1287 踏青行装 6058 蜀山 60 4500 12800 0 141 0 95 0
衣服 1288 彻云袍 6025 云梦泽 60 4500 12800 0 104 0 164 0
衣服 1289 垂云披袍 6025 昆仑山 60 4500 12800 0 99 0 159 0
衣服 1290 翠玉袍 6025 茅山 60 4500 12800 0 110 0 161 0
帽子 1291 玉清盔 6642 桃花源 60 5000 13800 0 115 0 41 0
帽子 1292 战将盔 6642 禁卫军 60 5000 13800 0 110 0 35 0
帽子 1293 彻云冠 6538 云梦泽 60 5000 13800 0 50 0 78 0
帽子 1294 垂云冠 6538 昆仑山 60 5000 13800 0 47 0 78 0
帽子 1295 翠玉冠 6538 茅山 60 5000 13800 0 49 0 78 0
帽子 1296 金丝头巾 6615 唐门 60 5000 13800 0 95 0 44 0
帽子 1297 踏青头巾 6634 蜀山 60 5000 13800 0 106 0 47 0
鞋子 1298 彻云鞋 8807 云梦泽 60 5000 13800 0 26 0 0 30
鞋子 1299 垂云鞋 8807 昆仑山 60 5000 13800 0 25 0 0 30
鞋子 2000 翠玉鞋 8807 茅山 60 5000 13800 0 25 0 0 30
鞋子 2001 踏青鞋 8807 蜀山 60 5000 13800 0 27 0 0 30
鞋子 2002 金丝靴 8808 唐门 60 5000 13800 0 19 0 0 38
鞋子 2003 玉清靴 8808 桃花源 60 5000 13800 0 26 0 0 28
鞋子 2004 战将靴 8808 禁卫军 60 5000 13800 0 25 0 0 27
衣服 2005 混天披甲 6080 禁卫军 70 5500 14800 0 165 0 110 0
衣服 2006 神风甲 6080 桃花源 70 5500 14800 0 170 0 113 0
衣服 2007 狂龙行装 6115 蜀山 70 5500 14800 0 161 0 110 0
衣服 2008 天威行装 6115 唐门 70 5500 14800 0 170 0 120 0
衣服 2009 混天披袍 6074 昆仑山 70 5500 14800 0 114 0 184 0
衣服 2010 倾露袍 6074 云梦泽 70 5500 14800 0 119 0 189 0
衣服 2011 嗜天披袍 6074 茅山 70 5500 14800 0 125 0 186 0
帽子 2012 混天战盔 6542 禁卫军 70 5500 14800 0 130 0 40 0
帽子 2013 神风盔 6542 桃花源 70 5500 14800 0 135 0 46 0
帽子 2014 混天冠 6538 昆仑山 70 5500 14800 0 53 0 89 0
帽子 2015 倾露冠 6538 云梦泽 70 5500 14800 0 56 0 89 0
帽子 2016 嗜天冠 6538 茅山 70 5500 14800 0 55 0 89 0
帽子 2017 狂龙头巾 6620 蜀山 70 5500 14800 0 126 0 52 0
帽子 2018 天威头巾 6634 唐门 70 5500 14800 0 115 0 49 0
鞋子 2019 混天鞋 8809 昆仑山 70 5500 14800 0 30 0 0 35
鞋子 2020 狂龙鞋 8809 蜀山 70 5500 14800 0 30 0 0 35
鞋子 2021 倾露鞋 8809 云梦泽 70 6000 15800 0 31 0 0 35
鞋子 2022 嗜天鞋 8809 茅山 70 6000 15800 0 30 0 0 35
鞋子 2023 混天战靴 8808 禁卫军 70 6000 15800 0 27 0 0 31
鞋子 2024 神风靴 8808 桃花源 70 6000 15800 0 28 0 0 32
鞋子 2025 天威靴 8808 唐门 70 6000 15800 0 21 0 0 42
衣服 2026 玄云甲 6062 桃花源 80 6000 15800 0 190 0 128 0
衣服 2027 云龙披甲 6062 禁卫军 80 6000 15800 0 185 0 125 0
衣服 2028 翻云行装 6013 蜀山 80 6000 15800 0 181 0 125 0
衣服 2029 寒星行装 6013 唐门 80 6000 15800 0 190 0 135 0
衣服 2030 飞羽袍 6034 云梦泽 80 6000 15800 0 134 0 214 0
衣服 2031 荧光披袍 6034 昆仑山 80 6000 15800 0 129 0 209 0
衣服 2032 斩侯披袍 6034 茅山 80 6000 15800 0 140 0 211 0
帽子 2033 玄云盔 6562 桃花源 80 6000 15800 0 155 0 51 0
帽子 2034 云龙战盔 6562 禁卫军 80 6000 15800 0 150 0 45 0
帽子 2035 荧光冠 6578 昆仑山 80 6000 15800 0 59 0 100 0
帽子 2036 斩侯冠 6578 茅山 80 6000 15800 0 61 0 100 0
帽子 2037 翻云头巾 6578 蜀山 80 6000 15800 0 146 0 57 0
帽子 2038 寒星头巾 6625 唐门 80 6000 15800 0 135 0 54 0
帽子 2039 飞羽冠 6576 云梦泽 80 6000 15800 0 62 0 100 0
鞋子 2040 翻云鞋 8813 蜀山 80 6000 15800 0 35 0 0 40
鞋子 2041 飞羽鞋 8813 云梦泽 80 6500 16800 0 36 0 0 40
鞋子 2042 荧光鞋 8813 昆仑山 80 6500 16800 0 35 0 0 40
鞋子 2043 斩侯鞋 8813 茅山 80 6500 16800 0 35 0 0 40
鞋子 2044 寒星靴 8811 唐门 80 6500 16800 0 23 0 0 46
鞋子 2045 玄云靴 8811 桃花源 80 6500 16800 0 30 0 0 36
鞋子 2046 云龙战靴 8811 禁卫军 80 6500 16800 0 29 0 0 35
衣服 2047 飞天铠甲 6042 禁卫军 90 6500 16800 0 205 0 140 0
衣服 2048 麒麟甲 6042 桃花源 90 6500 16800 0 210 0 143 0
衣服 2049 凤羽行装 6082 唐门 90 6500 16800 0 210 0 150 0
衣服 2050 祁龙行装 6082 蜀山 90 6500 16800 0 201 0 140 0
衣服 2051 斥云披袍 6174 茅山 90 6500 16800 0 155 0 236 0
衣服 2052 飞龙战袍 6174 昆仑山 90 6500 16800 0 144 0 234 0
衣服 2053 冥光袍 6174 云梦泽 90 6500 16800 0 149 0 239 0
帽子 2054 飞天战盔 6562 禁卫军 90 6500 16800 0 170 0 50 0
帽子 2055 麒麟盔 6562 桃花源 90 6500 16800 0 175 0 56 0
帽子 2056 斥云冠 6578 茅山 90 6500 16800 0 67 0 111 0
帽子 2057 飞龙冠 6578 昆仑山 90 6500 16800 0 65 0 111 0
帽子 2058 冥光冠 6578 云梦泽 90 6500 16800 0 68 0 111 0
帽子 2059 凤羽头巾 6625 唐门 90 6500 16800 0 155 0 59 0
帽子 2060 祁龙头巾 6556 蜀山 90 7000 17800 0 166 0 62 0
鞋子 2061 斥云鞋 8812 茅山 90 7000 17800 0 40 0 0 45
鞋子 2062 飞龙鞋 8812 昆仑山 90 7000 17800 0 40 0 0 45
鞋子 2063 冥光鞋 8812 云梦泽 90 7000 17800 0 41 0 0 45
鞋子 2064 祁龙鞋 8812 蜀山 90 7000 17800 0 40 0 0 45
鞋子 2065 飞天战靴 8807 禁卫军 90 7000 17800 0 31 0 0 39
鞋子 2066 凤羽靴 8807 唐门 90 7000 17800 0 25 0 0 50
鞋子 2067 麒麟靴 8807 桃花源 90 7000 17800 0 32 0 0 40
衣服 2068 霸王战甲 6058 禁卫军 100 7000 17800 0 225 0 155 0
衣服 2069 龙鳞战甲 6058 桃花源 100 7000 17800 0 230 0 158 0
衣服 2070 破云行装 6038 蜀山 100 7000 17800 0 221 0 155 0
衣服 2071 摄魂行装 6038 唐门 100 7000 17800 0 230 0 165 0
衣服 2072 炽纹战袍 6142 云梦泽 100 7000 17800 0 164 0 264 0
衣服 2073 混雷战袍 6142 茅山 100 7000 17800 0 170 0 261 0
衣服 2074 云龙铠袍 6142 昆仑山 100 7000 17800 0 159 0 259 0
帽子 2075 霸王盔 6582 禁卫军 100 7000 17800 0 190 0 55 0
帽子 2076 龙鳞盔 6582 桃花源 100 7000 17800 0 195 0 61 0
帽子 2077 炽纹冠 6578 云梦泽 100 7000 17800 0 74 0 122 0
帽子 2078 混雷冠 6578 茅山 100 7000 17800 0 73 0 122 0
帽子 2079 云龙冠 6578 昆仑山 100 7000 17800 0 71 0 122 0
帽子 2080 破云头巾 6613 蜀山 100 7500 18800 0 186 0 67 0
帽子 2081 摄魂头巾 6556 唐门 100 7500 18800 0 175 0 64 0
鞋子 2082 炽纹鞋 8811 云梦泽 100 7500 18800 0 46 0 0 50
鞋子 2083 混雷鞋 8811 茅山 100 7500 18800 0 45 0 0 50
鞋子 2084 破云鞋 8811 蜀山 100 7500 18800 0 45 0 0 50
鞋子 2085 云龙鞋 8811 昆仑山 100 7500 18800 0 45 0 0 50
鞋子 2086 霸王靴 8812 禁卫军 100 7500 18800 0 33 0 0 43
鞋子 2087 龙鳞靴 8812 桃花源 100 7500 18800 0 34 0 0 44
鞋子 2088 摄魂靴 8812 唐门 100 7500 18800 0 27 0 0 54
衣服 2089 残阳战甲 6162 桃花源 110 11000 26800 0 250 0 173 0
衣服 2090 残阳战甲 6162 禁卫军 110 11000 26800 0 245 0 170 0
衣服 2091 轩辕战衣 6162 蜀山 110 11000 26800 0 241 0 170 0
衣服 2092 紫云斗篷 6162 唐门 110 11000 26800 0 250 0 180 0
衣服 2093 乾云战袍 6162 茅山 110 11000 26800 0 185 0 286 0
衣服 2094 乾云战袍 6162 云梦泽 110 11000 26800 0 179 0 289 0
衣服 2095 乾云战袍 6162 昆仑山 110 11000 26800 0 174 0 284 0
帽子 2096 残阳战盔 6542 桃花源 110 11000 26800 0 215 0 66 0
帽子 2097 残阳战盔 6542 禁卫军 110 11000 26800 0 210 0 60 0
帽子 2098 乾云之冠 6542 茅山 110 11000 26800 0 79 0 133 0
帽子 2099 乾云之冠 6542 云梦泽 110 11000 26800 0 80 0 133 0
帽子 2100 乾云之冠 6542 昆仑山 110 11000 26800 0 77 0 133 0
帽子 2101 轩辕头巾 6542 蜀山 110 11000 26800 0 206 0 72 0
帽子 2102 紫云斗笠 6542 唐门 110 11000 26800 0 195 0 69 0
鞋子 2103 乾云之鞋 8812 茅山 110 11000 26800 0 50 0 0 55
鞋子 2104 乾云之鞋 8812 云梦泽 110 11000 26800 0 51 0 0 55
鞋子 2105 乾云之鞋 8812 昆仑山 110 11000 26800 0 50 0 0 55
鞋子 2106 乾云之鞋 8812 蜀山 110 11000 26800 0 50 0 0 55
鞋子 2107 残阳之靴 8812 桃花源 110 11000 26800 0 36 0 0 48
鞋子 2108 残阳之靴 8812 禁卫军 110 11000 26800 0 35 0 0 47
鞋子 2109 残阳之靴 8812 唐门 110 11000 26800 0 29 0 0 58
衣服 2110 麻战甲 6036 禁卫军 35 7500 18800 0 104 0 58 0
衣服 2111 麻布甲 6036 桃花源 35 7500 18800 0 100 0 60 0
衣服 2112 麻布行装 6036 蜀山 35 7500 18800 0 100 0 63 0
衣服 2113 麻布行装 6036 唐门 35 7500 18800 0 90 0 53 0
衣服 2114 麻布袍 6036 云梦泽 35 7500 18800 0 65 0 105 0
衣服 2115 麻布袍 6038 茅山 35 7500 18800 0 60 0 105 0
衣服 2116 麻布袍 6037 昆仑山 35 7500 18800 0 61 0 103 0
衣服 2117 锁链护心甲 6036 桃花源 45 7500 18800 0 120 0 77 0
衣服 2118 锁链护心甲 6036 禁卫军 45 7500 18800 0 115 0 73 0
衣服 2119 软皮行装 6003 蜀山 45 7500 18800 0 111 0 73 0
衣服 2120 羽绒行装 6003 唐门 45 8000 19800 0 120 0 83 0
衣服 2121 旋风袍 6015 茅山 45 8000 19800 0 71 0 124 0
衣服 2122 旋风袍 6015 云梦泽 45 8000 19800 0 82 0 127 0
衣服 2123 旋风袍 6015 昆仑山 45 8000 19800 0 77 0 122 0
帽子 2124 金属头盔 6560 桃花源 45 8000 19800 0 85 0 33 0
帽子 2125 金属头盔 6560 禁卫军 45 8000 19800 0 80 0 27 0
帽子 2126 修仙冠 6558 茅山 45 8000 19800 0 40 0 62 0
帽子 2127 修仙冠 6558 云梦泽 45 8000 19800 0 41 0 62 0
帽子 2128 修仙冠 6558 昆仑山 45 8000 19800 0 38 0 62 0
帽子 2129 鹅绒头巾 6600 蜀山 45 8000 19800 0 76 0 39 0
帽子 2130 压耳头巾 6554 唐门 45 8000 19800 0 65 0 36 0
鞋子 2131 光之鞋 8804 茅山 45 8000 19800 0 17 0 0 25
鞋子 2132 光之鞋 8804 云梦泽 45 8000 19800 0 18 0 0 25
鞋子 2133 光之鞋 8804 昆仑山 45 8000 19800 0 17 0 0 25
鞋子 2134 光之鞋 8804 蜀山 45 8000 19800 0 27 0 0 25
鞋子 2135 银丝长靴 8805 桃花源 45 8000 19800 0 23 0 0 24
鞋子 2136 银丝长靴 8805 禁卫军 45 8000 19800 0 22 0 0 23
鞋子 2137 银丝长靴 8805 唐门 45 8000 19800 0 16 0 0 34
衣服 2138 钢铁护心甲 6056 桃花源 55 8000 19800 0 140 0 90 0
衣服 2139 钢铁护心甲 6056 禁卫军 55 8000 19800 0 145 0 87 0
衣服 2140 锁链行装 6023 蜀山 55 8000 19800 0 141 0 87 0
衣服 2141 守护行装 6023 唐门 55 8500 21800 0 150 0 97 0
衣服 2142 月牙长袍 6025 茅山 55 8500 21800 0 85 0 149 0
衣服 2143 月牙长袍 6025 云梦泽 55 8500 21800 0 96 0 152 0
衣服 2144 月牙长袍 6025 昆仑山 55 8500 21800 0 91 0 147 0
帽子 2145 羊角头盔 6580 桃花源 55 8500 21800 0 105 0 39 0
帽子 2146 羊角头盔 6580 禁卫军 55 8500 21800 0 100 0 33 0
帽子 2147 旭光冠 6578 茅山 55 8500 21800 0 46 0 73 0
帽子 2148 旭光冠 6578 云梦泽 55 8500 21800 0 47 0 73 0
帽子 2149 旭光冠 6578 昆仑山 55 8500 21800 0 44 0 73 0
帽子 2150 侠客头巾 6603 蜀山 55 8500 21800 0 96 0 47 0
帽子 2151 毡帽 6500 唐门 55 8500 21800 0 85 0 42 0
鞋子 2152 战斗鞋 8809 茅山 55 8500 21800 0 23 0 0 28
鞋子 2153 战斗鞋 8809 云梦泽 55 8500 21800 0 24 0 0 28
鞋子 2154 战斗鞋 8809 昆仑山 55 8500 21800 0 23 0 0 28
鞋子 2155 战斗鞋 8809 蜀山 55 8500 21800 0 25 0 0 28
鞋子 2156 战斗长靴 8808 桃花源 55 8500 21800 0 25 0 0 26
鞋子 2157 战斗长靴 8808 禁卫军 55 8500 21800 0 24 0 0 25
鞋子 2158 战斗长靴 8808 唐门 55 8500 21800 0 18 0 0 36
衣服 2159 金丝甲 6038 桃花源 65 8500 21800 0 160 0 95 0
衣服 2160 金丝甲 6038 禁卫军 65 8500 21800 0 165 0 92 0
衣服 2161 天狼行装 6058 蜀山 65 8500 21800 0 161 0 92 0
衣服 2162 混天行装 6058 唐门 65 9000 22800 0 170 0 102 0
衣服 2163 天机法袍 6025 茅山 65 9000 22800 0 100 0 174 0
衣服 2164 天机法袍 6025 云梦泽 65 9000 22800 0 111 0 177 0
衣服 2165 天机法袍 6025 昆仑山 65 9000 22800 0 106 0 172 0
帽子 2166 白鹤盔 6642 桃花源 65 9000 22800 0 125 0 44 0
帽子 2167 白鹤盔 6642 禁卫军 65 9000 22800 0 120 0 38 0
帽子 2168 青云冠 6538 茅山 65 9000 22800 0 52 0 84 0
帽子 2169 青云冠 6538 云梦泽 65 9000 22800 0 53 0 84 0
帽子 2170 青云冠 6538 昆仑山 65 9000 22800 0 50 0 84 0
帽子 2171 火红头巾 6615 蜀山 65 9000 22800 0 116 0 52 0
帽子 2172 丝绸头巾 6634 唐门 65 9000 22800 0 105 0 47 0
鞋子 2173 急行鞋 8807 茅山 65 9000 22800 0 28 0 0 33
鞋子 2174 急行鞋 8807 云梦泽 65 9000 22800 0 29 0 0 33
鞋子 2175 急行鞋 8807 昆仑山 65 9000 22800 0 28 0 0 33
鞋子 2176 急行鞋 8807 蜀山 65 9000 22800 0 28 0 0 33
鞋子 2177 金刚护胫 8808 桃花源 65 9000 22800 0 27 0 0 30
鞋子 2178 金刚护胫 8808 禁卫军 65 9000 22800 0 26 0 0 29
鞋子 2179 金刚护胫 8808 唐门 65 9000 22800 0 20 0 0 40
衣服 2180 铁板实战铠 6080 桃花源 75 9000 22800 0 180 0 110 0
衣服 2181 铁板实战铠 6080 禁卫军 75 9000 22800 0 185 0 107 0
衣服 2182 幻影狼行装 6115 蜀山 75 9000 22800 0 181 0 107 0
衣服 2183 流沙行装 6115 唐门 75 9500 23800 0 190 0 117 0
衣服 2184 无极长袍 6074 茅山 75 9500 23800 0 115 0 199 0
衣服 2185 无极长袍 6074 云梦泽 75 9500 23800 0 126 0 202 0
衣服 2186 无极长袍 6074 昆仑山 75 9500 23800 0 121 0 197 0
帽子 2187 赤虎盔 6542 桃花源 75 9500 23800 0 145 0 49 0
帽子 2188 赤虎盔 6542 禁卫军 75 9500 23800 0 140 0 43 0
帽子 2189 紫霞冠 6538 茅山 75 9500 23800 0 58 0 95 0
帽子 2190 紫霞冠 6538 云梦泽 75 9500 23800 0 59 0 95 0
帽子 2191 紫霞冠 6538 昆仑山 75 9500 23800 0 56 0 95 0
帽子 2192 灵魂头巾 6620 蜀山 75 9500 23800 0 136 0 57 0
帽子 2193 灵魂头巾 6634 唐门 75 9500 23800 0 125 0 52 0
鞋子 2194 远征鞋 8809 茅山 75 9500 23800 0 33 0 0 38
鞋子 2195 远征鞋 8809 云梦泽 75 9500 23800 0 34 0 0 38
鞋子 2196 远征鞋 8809 昆仑山 75 9500 23800 0 33 0 0 38
鞋子 2197 远征鞋 8809 蜀山 75 9500 23800 0 33 0 0 38
鞋子 2198 地灵长靴 8808 桃花源 75 9500 23800 0 29 0 0 34
鞋子 2199 地灵长靴 8808 禁卫军 75 9500 23800 0 28 0 0 33
鞋子 2200 地灵长靴 8808 唐门 75 9500 23800 0 22 0 0 44
衣服 2201 黄金战铠 6062 桃花源 85 9500 23800 0 200 0 125 0
衣服 2202 黄金战铠 6062 禁卫军 85 9500 23800 0 205 0 122 0
衣服 2203 金缕行装 6013 蜀山 85 9500 23800 0 201 0 122 0
衣服 2204 环雾行装 6013 唐门 85 10000 24800 0 210 0 132 0
衣服 2205 耀日长袍 6034 茅山 85 10000 24800 0 130 0 224 0
衣服 2206 耀日长袍 6034 云梦泽 85 10000 24800 0 141 0 227 0
衣服 2207 耀日长袍 6034 昆仑山 85 10000 24800 0 136 0 222 0
帽子 2208 迅豹盔 6562 桃花源 85 10000 24800 0 165 0 54 0
帽子 2209 迅豹盔 6562 禁卫军 85 10000 24800 0 160 0 48 0
帽子 2210 文曲冠 6578 茅山 85 10000 24800 0 64 0 106 0
帽子 2211 文曲冠 6578 云梦泽 85 10000 24800 0 65 0 106 0
帽子 2212 文曲冠 6578 昆仑山 85 10000 24800 0 62 0 106 0
帽子 2213 波形头巾 6625 蜀山 85 10000 24800 0 156 0 62 0
帽子 2214 妖精头巾 6576 唐门 85 10000 24800 0 145 0 57 0
鞋子 2215 紫水晶鞋 8813 茅山 85 10000 24800 0 38 0 0 43
鞋子 2216 紫水晶鞋 8813 云梦泽 85 10000 24800 0 39 0 0 43
鞋子 2217 紫水晶鞋 8813 昆仑山 85 10000 24800 0 38 0 0 43
鞋子 2218 紫水晶鞋 8813 蜀山 85 10000 24800 0 38 0 0 43
鞋子 2219 神武靴 8811 桃花源 85 10000 24800 0 31 0 0 38
鞋子 2220 神武靴 8811 禁卫军 85 10000 24800 0 30 0 0 37
鞋子 2221 神武靴 8811 唐门 85 10000 24800 0 24 0 0 48
衣服 2222 帝王之铠 6042 桃花源 95 10000 24800 0 220 0 140 0
衣服 2223 帝王之铠 6042 禁卫军 95 10000 24800 0 225 0 137 0
衣服 2224 霓裳行装 6082 蜀山 95 10000 24800 0 221 0 137 0
衣服 2225 血色行装 6082 唐门 95 10500 25800 0 230 0 147 0
衣服 2226 虚空法袍 6174 茅山 95 10500 25800 0 145 0 249 0
衣服 2227 虚空法袍 6174 云梦泽 95 10500 25800 0 156 0 252 0
衣服 2228 虚空法袍 6174 昆仑山 95 10500 25800 0 151 0 247 0
帽子 2229 帝王之盔 6562 桃花源 95 10500 25800 0 185 0 59 0
帽子 2230 帝王之盔 6562 禁卫军 95 10500 25800 0 180 0 53 0
帽子 2231 虚空冠 6578 茅山 95 10500 25800 0 70 0 117 0
帽子 2232 虚空冠 6578 云梦泽 95 10500 25800 0 71 0 117 0
帽子 2233 虚空冠 6578 昆仑山 95 10500 25800 0 68 0 117 0
帽子 2234 霓裳头巾 6625 蜀山 95 10500 25800 0 176 0 67 0
帽子 2235 血色头巾 6556 唐门 95 10500 25800 0 165 0 62 0
鞋子 2236 御风鞋 8812 茅山 95 10500 25800 0 43 0 0 48
鞋子 2237 御风鞋 8812 云梦泽 95 10500 25800 0 44 0 0 48
鞋子 2238 御风鞋 8812 昆仑山 95 10500 25800 0 43 0 0 48
鞋子 2239 御风鞋 8812 蜀山 95 10500 25800 0 43 0 0 48
鞋子 2240 跃兔靴 8807 桃花源 95 10500 25800 0 33 0 0 42
鞋子 2241 跃兔靴 8807 禁卫军 95 10500 25800 0 32 0 0 41
鞋子 2242 跃兔靴 8807 唐门 95 10500 25800 0 26 0 0 52
衣服 2243 亡魂之铠 6058 桃花源 105 10500 25800 0 240 0 155 0
衣服 2244 亡魂之铠 6058 禁卫军 105 10500 25800 0 245 0 152 0
衣服 2245 流云行装 6038 蜀山 105 10500 25800 0 241 0 152 0
衣服 2246 流云行装 6038 唐门 105 11000 26800 0 250 0 162 0
衣服 2247 潮汐法袍 6142 茅山 105 11000 26800 0 160 0 274 0
衣服 2248 潮汐法袍 6142 云梦泽 105 11000 26800 0 171 0 277 0
衣服 2249 潮汐法袍 6142 昆仑山 105 11000 26800 0 166 0 272 0
帽子 2250 亡魂之盔 6582 桃花源 105 11000 26800 0 205 0 64 0
帽子 2251 亡魂之盔 6582 禁卫军 105 11000 26800 0 200 0 58 0
帽子 2252 潮汐之冠 6578 茅山 105 11000 26800 0 76 0 128 0
帽子 2253 潮汐之冠 6578 云梦泽 105 11000 26800 0 77 0 128 0
帽子 2254 潮汐之冠 6578 昆仑山 105 11000 26800 0 74 0 128 0
帽子 2255 流云头巾 6613 蜀山 105 11000 26800 0 196 0 72 0
帽子 2256 流云头巾 6556 唐门 105 11000 26800 0 185 0 67 0
鞋子 2257 无尘鞋 8811 茅山 105 11000 26800 0 48 0 0 53
鞋子 2258 无尘鞋 8811 云梦泽 105 11000 26800 0 49 0 0 53
鞋子 2259 无尘鞋 8811 昆仑山 105 11000 26800 0 48 0 0 53
鞋子 2260 无尘鞋 8811 蜀山 105 11000 26800 0 48 0 0 53
鞋子 2261 七宝靴 8812 桃花源 105 11000 26800 0 35 0 0 46
鞋子 2262 七宝靴 8812 禁卫军 105 11000 26800 0 34 0 0 45
鞋子 2263 七宝靴 8812 唐门 105 11000 26800 0 28 0 0 56
衣服 2264 天罡战甲 6162 桃花源 115 11500 27800 0 260 0 170 0
衣服 2265 天罡战甲 6162 禁卫军 115 11500 27800 0 265 0 167 0
衣服 2266 乾坤战衣 6162 蜀山 115 11500 27800 0 261 0 167 0
衣服 2267 真武斗篷 6162 唐门 115 11500 27800 0 270 0 177 0
衣服 2268 苍穹法袍 6162 茅山 115 11500 27800 0 175 0 299 0
衣服 2269 苍穹法袍 6162 云梦泽 115 11500 27800 0 186 0 302 0
衣服 2270 苍穹法袍 6162 昆仑山 115 11500 27800 0 181 0 297 0
帽子 2271 天罡战盔 6542 桃花源 115 11500 27800 0 255 0 69 0
帽子 2272 天罡战盔 6542 禁卫军 115 11500 27800 0 220 0 63 0
帽子 2273 苍穹之冠 6542 茅山 115 11500 27800 0 82 0 139 0
帽子 2274 苍穹之冠 6542 云梦泽 115 11500 27800 0 83 0 139 0
帽子 2275 苍穹之冠 6542 昆仑山 115 11500 27800 0 80 0 139 0
帽子 2276 魔王巾 6542 蜀山 115 11500 27800 0 216 0 77 0
帽子 2277 天旋斗笠 6542 唐门 115 11500 27800 0 205 0 72 0
鞋子 2278 映日鞋 8812 茅山 115 11500 27800 0 53 0 0 58
鞋子 2279 映日鞋 8812 云梦泽 115 11500 27800 0 54 0 0 58
鞋子 2280 映日鞋 8812 昆仑山 115 11500 27800 0 53 0 0 58
鞋子 2281 映日鞋 8812 蜀山 115 11500 27800 0 53 0 0 58
鞋子 2282 赤血神靴 8812 桃花源 115 11500 27800 0 37 0 0 50
鞋子 2283 赤血神靴 8812 禁卫军 115 11500 27800 0 36 0 0 49
鞋子 2284 赤血神靴 8812 唐门 115 11500 27800 0 30 0 0 60
衣服 2285 星辰战甲 6182 桃花源 120 12000 28800 0 270 0 188 0
衣服 2286 星辰战甲 6182 禁卫军 120 12000 28800 0 265 0 185 0
衣服 2287 凤天战衣 6182 蜀山 120 12000 28800 0 261 0 185 0
衣服 2288 天神斗篷 6182 唐门 120 12000 28800 0 270 0 195 0
衣服 2289 衾天战袍 6062 茅山 120 12000 28800 0 200 0 311 0
衣服 2290 衾天战袍 6062 云梦泽 120 12000 28800 0 194 0 314 0
衣服 2291 衾天战袍 6062 昆仑山 120 12000 28800 0 189 0 309 0
帽子 2292 星辰战盔 6542 桃花源 120 12000 28800 0 235 0 71 0
帽子 2293 星辰战盔 6542 禁卫军 120 12000 28800 0 230 0 65 0
帽子 2294 衾天之冠 6658 茅山 120 12000 28800 0 85 0 144 0
帽子 2295 衾天之冠 6658 云梦泽 120 12000 28800 0 86 0 144 0
帽子 2296 衾天之冠 6658 昆仑山 120 12000 28800 0 83 0 144 0
帽子 2297 凤天战巾 6658 蜀山 120 12000 28800 0 226 0 77 0
帽子 2298 天神斗笠 6658 唐门 120 12000 28800 0 215 0 74 0
鞋子 2299 衾天鞋 8812 茅山 120 12000 28800 0 55 0 0 60
鞋子 2300 衾天鞋 8812 云梦泽 120 12000 28800 0 56 0 0 60
鞋子 2301 衾天鞋 8812 昆仑山 120 12000 28800 0 55 0 0 60
鞋子 2302 衾天鞋 8812 蜀山 120 12000 28800 0 55 0 0 60
鞋子 2303 星辰战靴 8812 桃花源 120 12000 28800 0 38 0 0 52
鞋子 2304 星辰战靴 8812 禁卫军 120 12000 28800 0 37 0 0 51
鞋子 2305 星辰战靴 8812 唐门 120 12000 28800 0 31 0 0 62
衣服 2306 龙骨战甲 6182 桃花源 119 12000 28800 0 280 0 185 0
衣服 2307 龙骨战甲 6182 禁卫军 119 12000 28800 0 285 0 182 0
衣服 2308 龙骨战衣 6182 蜀山 119 12000 28800 0 281 0 182 0
衣服 2309 龙骨斗篷 6182 唐门 119 12000 28800 0 290 0 192 0
衣服 2310 龙骨战袍 6062 茅山 119 12000 28800 0 190 0 324 0
衣服 2311 龙骨战袍 6062 云梦泽 119 12000 28800 0 201 0 327 0
衣服 2312 龙骨战袍 6062 昆仑山 119 12000 28800 0 196 0 322 0
帽子 2313 龙骨盔 6542 桃花源 119 12000 28800 0 275 0 74 0
帽子 2314 龙骨盔 6542 禁卫军 119 12000 28800 0 240 0 68 0
帽子 2315 龙骨冠 6658 茅山 119 12000 28800 0 88 0 150 0
帽子 2316 龙骨冠 6658 云梦泽 119 12000 28800 0 89 0 150 0
帽子 2317 龙骨冠 6658 昆仑山 119 12000 28800 0 86 0 150 0
帽子 2318 龙骨巾 6658 蜀山 119 12000 28800 0 236 0 82 0
帽子 2319 龙骨斗笠 6658 唐门 119 12000 28800 0 225 0 77 0
鞋子 2320 龙骨鞋 8812 茅山 119 12000 28800 0 58 0 0 63
鞋子 2321 龙骨鞋 8812 云梦泽 119 12000 28800 0 59 0 0 63
鞋子 2322 龙骨鞋 8812 昆仑山 119 12000 28800 0 58 0 0 63
鞋子 2323 龙骨鞋 8812 蜀山 119 12000 28800 0 58 0 0 63
鞋子 2324 龙骨战靴 8812 桃花源 119 12000 28800 0 39 0 0 54
鞋子 2325 龙骨战靴 8812 禁卫军 119 12000 28800 0 38 0 0 53
鞋子 2326 龙骨战靴 8812 唐门 119 12000 28800 0 32 0 0 64
项链 1300 金项链 8608 桃花源 20 2500 5000 29 0 0 24 0
项链 1301 金项链 8608 禁卫军 20 2500 5000 32 0 0 25 0
项链 1302 金项链 8608 唐门 20 2500 5000 24 0 0 30 0
项链 1303 金项链 8608 蜀山 20 2500 5000 30 0 45 38 0
项链 1304 金项链 8608 茅山 20 2500 5000 0 0 40 32 0
项链 1305 金项链 8608 云梦泽 20 2500 5000 0 0 48 38 0
项链 1306 金项链 8608 昆仑山 20 2500 5000 0 0 45 38 0
项链 1307 护命项链 8612 桃花源 25 5000 5500 35 0 0 29 0
项链 1308 护命项链 8612 禁卫军 25 5000 5500 38 0 0 30 0
项链 1309 护命项链 8612 唐门 25 5000 5500 30 0 0 35 0
项链 1310 护命项链 8612 蜀山 25 5000 5500 36 0 55 43 0
项链 1311 护命项链 8612 茅山 25 5000 5500 0 0 50 47 0
项链 1312 护命项链 8612 云梦泽 25 5000 5500 0 0 58 43 0
项链 1313 护命项链 8612 昆仑山 25 5000 5500 0 0 55 43 0
项链 1314 定魂项链 8655 桃花源 30 10000 6000 41 0 0 34 0
项链 1315 定魂项链 8655 禁卫军 30 10000 6000 44 0 0 35 0
项链 1316 定魂项链 8655 唐门 30 10000 6000 36 0 0 40 0
项链 1317 定魂项链 8655 蜀山 30 10000 6000 42 0 65 48 0
项链 1318 定魂项链 8655 茅山 30 10000 6000 0 0 60 42 0
项链 1319 定魂项链 8655 云梦泽 30 10000 6000 0 0 68 48 0
项链 1320 定魂项链 8655 昆仑山 30 10000 6000 0 0 65 48 0
项链 1321 黄昏项链 8608 桃花源 35 15000 6500 47 0 0 39 0
项链 1322 黄昏项链 8608 禁卫军 35 15000 6500 50 0 0 40 0
项链 1323 黄昏项链 8608 唐门 35 15000 6500 42 0 0 45 0
项链 1324 黄昏项链 8608 蜀山 35 15000 6500 48 0 75 53 0
项链 1325 黄昏项链 8608 茅山 35 15000 6500 0 0 70 57 0
项链 1326 黄昏项链 8608 云梦泽 35 15000 6500 0 0 78 53 0
项链 1327 黄昏项链 8608 昆仑山 35 15000 6500 0 0 75 53 0
项链 1328 月光项链 8612 桃花源 40 20000 7000 53 0 0 44 0
项链 1329 月光项链 8612 禁卫军 40 20000 7000 56 0 0 45 0
项链 1330 月光项链 8612 唐门 40 20000 7000 48 0 0 50 0
项链 1331 月光项链 8612 蜀山 40 20000 7000 54 0 85 58 0
项链 1332 月光项链 8612 茅山 40 20000 7000 0 0 80 52 0
项链 1333 月光项链 8612 云梦泽 40 20000 7000 0 0 88 58 0
项链 1334 月光项链 8612 昆仑山 40 20000 7000 0 0 85 58 0
项链 1335 水纹项链 8655 桃花源 45 20000 7500 59 0 0 49 0
项链 1336 水纹项链 8655 禁卫军 45 20000 7500 62 0 0 50 0
项链 1337 水纹项链 8655 唐门 45 20000 7500 54 0 0 55 0
项链 1338 水纹项链 8655 蜀山 45 20000 7500 60 0 95 63 0
项链 1339 水纹项链 8655 茅山 45 20000 7500 0 0 90 57 0
项链 1340 水纹项链 8655 云梦泽 45 20000 7500 0 0 98 63 0
项链 1341 水纹项链 8655 昆仑山 45 20000 7500 0 0 95 63 0
项链 1342 炎阳项链 8608 桃花源 50 20000 8000 65 0 0 54 0
项链 1343 炎阳项链 8608 禁卫军 50 20000 8000 68 0 0 55 0
项链 1344 炎阳项链 8608 唐门 50 20000 8000 60 0 0 60 0
项链 1345 炎阳项链 8608 蜀山 50 20000 8000 66 0 105 68 0
项链 1346 炎阳项链 8608 茅山 50 20000 8000 0 0 100 62 0
项链 1347 炎阳项链 8608 云梦泽 50 20000 8000 0 0 108 68 0
项链 1348 炎阳项链 8608 昆仑山 50 20000 8000 0 0 105 68 0
项链 1349 琥珀项链 8612 桃花源 55 20000 8500 71 0 0 75 0
项链 1350 琥珀项链 8612 禁卫军 55 20000 8500 74 0 0 70 0
项链 1351 琥珀项链 8612 唐门 55 20000 8500 66 0 0 77 0
项链 1352 琥珀项链 8612 蜀山 55 20000 8500 70 0 115 80 0
项链 1353 琥珀项链 8612 茅山 55 20000 8500 0 0 110 81 0
项链 1354 琥珀项链 8612 云梦泽 55 20000 8500 0 0 118 85 0
项链 1355 琥珀项链 8612 昆仑山 55 20000 8500 0 0 115 80 0
项链 1356 紫焰项链 8655 桃花源 60 20000 9000 77 0 0 64 0
项链 1357 紫焰项链 8655 禁卫军 60 20000 9000 80 0 0 65 0
项链 1358 紫焰项链 8655 唐门 60 20000 9000 72 0 0 70 0
项链 1359 紫焰项链 8655 蜀山 60 20000 9000 76 0 125 78 0
项链 1360 紫焰项链 8655 茅山 60 20000 9000 0 0 120 72 0
项链 1361 紫焰项链 8655 云梦泽 60 20000 9000 0 0 128 78 0
项链 1362 紫焰项链 8655 昆仑山 60 20000 9000 0 0 125 78 0
项链 1363 玄金项链 8608 桃花源 65 20000 9500 83 0 0 69 0
项链 1364 玄金项链 8608 禁卫军 65 20000 9500 86 0 0 70 0
项链 1365 玄金项链 8608 唐门 65 20000 9500 78 0 0 75 0
项链 1366 玄金项链 8608 蜀山 65 20000 9500 82 0 135 83 0
项链 1367 玄金项链 8608 茅山 65 20000 9500 0 0 130 77 0
项链 1368 玄金项链 8608 云梦泽 65 20000 9500 0 0 138 83 0
项链 1369 玄金项链 8608 昆仑山 65 20000 9500 0 0 135 83 0
项链 1370 幽魂项链 8612 桃花源 70 20000 10000 89 0 0 74 0
项链 1371 幽魂项链 8612 禁卫军 70 20000 10000 92 0 0 75 0
项链 1372 幽魂项链 8612 唐门 70 20000 10000 85 0 0 80 0
项链 1373 幽魂项链 8612 蜀山 70 20000 10000 88 0 145 88 0
项链 1374 幽魂项链 8612 茅山 70 20000 10000 0 0 140 82 0
项链 1375 幽魂项链 8612 云梦泽 70 20000 10000 0 0 148 88 0
项链 1376 幽魂项链 8612 昆仑山 70 20000 10000 0 0 145 88 0
项链 1377 神狱项链 8655 桃花源 75 20000 15000 95 0 0 79 0
项链 1378 神狱项链 8655 禁卫军 75 20000 15000 98 0 0 83 0
项链 1379 神狱项链 8655 唐门 75 20000 15000 91 0 0 85 0
项链 1380 神狱项链 8655 蜀山 75 20000 15000 94 0 155 93 0
项链 1381 神狱项链 8655 茅山 75 20000 15000 0 0 150 87 0
项链 1382 神狱项链 8655 云梦泽 75 20000 15000 0 0 158 93 0
项链 1383 神狱项链 8655 昆仑山 75 20000 15000 0 0 155 93 0
项链 1384 真武项链 8608 桃花源 80 20000 20000 101 0 0 84 0
项链 1385 真武项链 8608 禁卫军 80 20000 20000 104 0 0 88 0
项链 1386 真武项链 8608 唐门 80 20000 20000 97 0 0 90 0
项链 1387 真武项链 8608 蜀山 80 20000 20000 100 0 165 98 0
项链 1388 真武项链 8608 茅山 80 20000 20000 0 0 160 92 0
项链 1389 真武项链 8608 云梦泽 80 20000 20000 0 0 168 98 0
项链 1390 真武项链 8608 昆仑山 80 20000 20000 0 0 165 98 0
项链 1391 玄月项链 8612 桃花源 85 20000 25000 107 0 0 89 0
项链 1392 玄月项链 8612 禁卫军 85 20000 25000 110 0 0 93 0
项链 1393 玄月项链 8612 唐门 85 20000 25000 103 0 0 95 0
项链 1394 玄月项链 8612 蜀山 85 20000 25000 106 0 175 103 0
项链 1395 玄月项链 8612 茅山 85 20000 25000 0 0 170 97 0
项链 1396 玄月项链 8612 云梦泽 85 20000 25000 0 0 178 103 0
项链 1397 玄月项链 8612 昆仑山 85 20000 25000 0 0 175 103 0
项链 1398 神蕴项链 8655 桃花源 90 20000 30000 113 0 0 94 0
项链 1399 神蕴项链 8655 禁卫军 90 20000 30000 116 0 0 98 0
项链 1400 神蕴项链 8655 唐门 90 20000 30000 109 0 0 100 0
项链 1401 神蕴项链 8655 蜀山 90 20000 30000 112 0 185 108 0
项链 1402 神蕴项链 8655 茅山 90 20000 30000 0 0 180 102 0
项链 1403 神蕴项链 8655 云梦泽 90 20000 30000 0 0 188 108 0
项链 1404 神蕴项链 8655 昆仑山 90 20000 30000 0 0 185 108 0
项链 1405 恒金项链 8608 桃花源 95 20000 35000 119 0 0 99 0
项链 1406 恒金项链 8608 禁卫军 95 20000 35000 122 0 0 103 0
项链 1407 恒金项链 8608 唐门 95 20000 35000 115 0 0 105 0
项链 1408 恒金项链 8608 蜀山 95 20000 35000 118 0 195 113 0
项链 1409 恒金项链 8608 茅山 95 20000 35000 0 0 190 107 0
项链 1410 恒金项链 8608 云梦泽 95 20000 35000 0 0 198 113 0
项链 1411 恒金项链 8608 昆仑山 95 20000 35000 0 0 195 113 0
项链 1412 戮魂项链 8612 桃花源 100 20000 40000 125 0 0 104 0
项链 1413 戮魂项链 8612 禁卫军 100 20000 40000 127 0 0 108 0
项链 1414 戮魂项链 8612 唐门 100 20000 40000 121 0 0 110 0
项链 1415 戮魂项链 8612 蜀山 100 20000 40000 124 0 205 118 0
项链 1416 戮魂项链 8612 茅山 100 20000 40000 0 0 200 112 0
项链 1417 戮魂项链 8612 云梦泽 100 20000 40000 0 0 208 118 0
项链 1418 戮魂项链 8612 昆仑山 100 20000 40000 0 0 205 118 0
项链 1419 龙魂项链 8655 桃花源 105 20000 45000 131 0 0 109 0
项链 1420 龙魂项链 8655 禁卫军 105 20000 45000 133 0 0 113 0
项链 1421 龙魂项链 8655 唐门 105 20000 45000 127 0 0 115 0
项链 1422 龙魂项链 8655 蜀山 105 20000 45000 130 0 215 123 0
项链 1423 龙魂项链 8655 茅山 105 20000 45000 0 0 210 117 0
项链 1424 龙魂项链 8655 云梦泽 105 20000 45000 0 0 218 123 0
项链 1425 龙魂项链 8655 昆仑山 105 20000 45000 0 0 215 123 0
项链 1426 龙吟项链 8608 桃花源 110 20000 50000 137 0 0 114 0
项链 1427 龙吟项链 8608 禁卫军 110 20000 50000 139 0 0 118 0
项链 1428 龙吟项链 8608 唐门 110 20000 50000 133 0 0 120 0
项链 1429 龙吟项链 8608 蜀山 110 20000 50000 136 0 225 128 0
项链 1430 龙吟项链 8608 茅山 110 20000 50000 0 0 220 122 0
项链 1431 龙吟项链 8608 云梦泽 110 20000 50000 0 0 228 128 0
项链 1432 龙吟项链 8608 昆仑山 110 20000 50000 0 0 225 128 0
项链 1433 玉尊项链 8612 桃花源 115 20000 55000 143 0 0 109 0
项链 1434 玉尊项链 8612 禁卫军 115 20000 55000 145 0 0 113 0
项链 1435 玉尊项链 8612 唐门 115 20000 55000 139 0 0 115 0
项链 1436 玉尊项链 8612 蜀山 115 20000 55000 142 0 215 123 0
项链 1437 玉尊项链 8612 茅山 115 20000 55000 0 0 210 117 0
项链 1438 玉尊项链 8612 云梦泽 115 20000 55000 0 0 218 123 0
项链 1439 玉尊项链 8612 昆仑山 115 20000 55000 0 0 215 123 0
项链 1440 弑魂项链 8655 桃花源 119 20000 60000 149 0 0 109 0
项链 1441 弑魂项链 8655 禁卫军 119 20000 60000 151 0 0 113 0
项链 1442 弑魂项链 8655 唐门 119 20000 60000 145 0 0 115 0
项链 1443 弑魂项链 8655 蜀山 119 20000 60000 147 0 215 123 0
项链 1444 弑魂项链 8655 茅山 119 20000 60000 0 0 210 117 0
项链 1445 弑魂项链 8655 云梦泽 119 20000 60000 0 0 218 123 0
项链 1446 弑魂项链 8655 昆仑山 119 20000 60000 0 0 215 123 0
项链 1447 虚冥项链 8608 桃花源 120 20000 60000 155 0 0 124 0
项链 1448 虚冥项链 8608 禁卫军 120 20000 60000 157 0 0 128 0
项链 1449 虚冥项链 8608 唐门 120 20000 60000 151 0 0 130 0
项链 1450 虚冥项链 8608 蜀山 120 20000 60000 153 0 245 138 0
项链 1451 虚冥项链 8608 茅山 120 20000 60000 0 0 240 132 0
项链 1452 虚冥项链 8608 云梦泽 120 20000 60000 0 0 248 138 0
项链 1453 虚冥项链 8608 昆仑山 120 20000 60000 0 0 245 138 0
衣服 2332 追风战甲 6036 无门派 47 1000 15800 0 120 0 73 0
衣服 2333 追风法袍 6003 无门派 46 1000 15800 0 71 0 127 0
鞋子 2334 追风履 8804 无门派 46 1000 15800 0 17 0 0 35
鞋子 2335 追风战靴 8805 无门派 47 1000 15800 0 27 0 0 25
帽子 2336 追风战盔 6560 无门派 47 1000 15800 0 85 0 27 0
帽子 2337 追风法冠 6558 无门派 46 1000 15800 0 38 0 62 0
衣服 2338 神行战衣 6056 无门派 56 1000 16800 0 150 0 87 0
衣服 2339 神行法袍 6023 无门派 57 1000 16800 0 140 0 152 0
鞋子 2340 神行履 8809 无门派 57 1000 16800 0 18 0 0 40
鞋子 2341 神行鞋 8808 无门派 56 1000 16800 0 25 0 0 30
帽子 2342 神行法冠 6578 无门派 57 1000 16800 0 47 0 73 0
帽子 2343 神行战盔 6580 无门派 56 1000 16800 0 105 0 33 0
衣服 2344 风神战衣 6038 无门派 67 1000 17800 0 170 0 92 0
衣服 2345 风神法袍 6025 无门派 66 1000 17800 0 100 0 177 0
鞋子 2346 风神鞋 8808 无门派 67 1000 17800 0 28 0 0 35
鞋子 2347 风神履 8807 无门派 66 1000 17800 0 20 0 0 45
帽子 2348 风神之冠 6538 无门派 66 1000 17800 0 50 0 84 0
帽子 2349 风神战盔 6642 无门派 67 1000 17800 0 125 0 38 0
衣服 2350 雷神战衣 6080 无门派 76 1000 18800 0 190 0 107 0
衣服 2351 雷神法袍 6074 无门派 77 1000 18800 0 115 0 202 0
鞋子 2352 雷神战靴 8808 无门派 76 1000 18800 0 34 0 0 40
鞋子 2353 雷神履 8809 无门派 77 1000 18800 0 22 0 0 50
帽子 2354 雷神之冠 6538 无门派 77 1000 18800 0 56 0 95 0
帽子 2355 雷神战盔 6542 无门派 76 1000 18800 0 136 0 52 0
衣服 2356 神威战衣 6062 无门派 87 1000 19800 0 205 0 122 0
衣服 2357 神威圣袍 6034 无门派 86 1000 19800 0 130 0 227 0
鞋子 2358 神威履 8813 无门派 86 1000 19800 0 24 0 0 55
鞋子 2359 神威战靴 8811 无门派 87 1000 19800 0 39 0 0 45
帽子 2360 神威战盔 6562 无门派 87 1000 19800 0 165 0 48 0
帽子 2361 神威法冠 6578 无门派 86 1000 19800 0 62 0 106 0
衣服 2362 星宿战衣 6042 无门派 96 1000 21800 0 230 0 137 0
衣服 2363 星宿法衣 6174 无门派 97 1000 21800 0 145 0 252 0
鞋子 2364 星宿履 8807 无门派 97 1000 21800 0 32 0 0 60
鞋子 2365 星宿战靴 8812 无门派 96 1000 21800 0 44 0 0 50
帽子 2366 星宿冠 6578 无门派 97 1000 21800 0 68 0 117 0
帽子 2367 星宿战盔 6562 无门派 96 1000 21800 0 185 0 53 0
衣服 2368 麒麟战衣 6508 无门派 107 1000 23800 0 250 0 152 0
衣服 2369 麒麟圣衣 6142 无门派 106 1000 23800 0 160 0 277 0
鞋子 2370 麒麟神履 8811 无门派 106 1000 23800 0 28 0 0 65
鞋子 2371 麒麟战靴 8812 无门派 107 1000 23800 0 49 0 0 55
帽子 2372 麒麟冠 6578 无门派 106 1000 23800 0 74 0 128 0
帽子 2373 麒麟战盔 6582 无门派 107 1000 23800 0 205 0 58 0
衣服 2374 龙神战甲 6162 无门派 116 1000 25800 0 270 0 167 0
衣服 2375 龙神圣袍 6162 无门派 117 1000 25800 0 175 0 302 0
鞋子 2376 龙神履 8812 无门派 117 1000 25800 0 30 0 0 70
鞋子 2377 龙神战靴 8812 无门派 116 1000 25800 0 54 0 0 60
帽子 2378 龙神战盔 6542 无门派 116 1000 25800 0 255 0 63 0
帽子 2379 龙神之冠 6542 无门派 117 1000 25800 0 80 0 139 0
衣服 2380 天尊神铠 6182 无门派 127 1000 27800 0 290 0 182 0
衣服 2381 天尊圣袍 6062 无门派 126 1000 27800 0 190 0 327 0
鞋子 2382 天尊神履 8812 无门派 126 1000 27800 0 32 0 0 75
鞋子 2383 天尊战靴 8812 无门派 127 1000 27800 0 59 0 0 65
帽子 2384 天尊战盔 6542 无门派 127 1000 27800 0 275 0 68 0
帽子 2385 天尊圣冠 6658 无门派 126 1000 27800 0 86 0 150 0
项链 1454 追风项链 8655 无门派 46 999 7500 62 0 98 63 0
项链 1455 神行项链 8609 无门派 56 999 8500 77 0 121 78 0
项链 1456 风神项链 8608 无门派 76 999 10000 92 0 144 93 0
项链 1457 雷神项链 8655 无门派 86 999 12000 107 0 167 108 0
项链 1458 神威项链 8610 无门派 96 999 15000 122 0 190 123 0
项链 1459 星宿项链 8605 无门派 106 999 19000 137 0 213 138 0
项链 1460 龙神项链 0100 无门派 116 999 26000 152 0 236 153 0
项链 1461 天尊项链 8612 无门派 126 999 32000 167 0 259 168 0
