1800 9074 玉容膏 30 100 听说可以修补容貌的膏药，对疗伤有点作用，马上恢复250点血气，冷却时间30秒 250 0 10
1801 9032 天仙玉露 30 200 听说是用神仙的露水做的，可以恢复很大的法力，马上恢复250点法力，冷却时间30秒 0 250 10
1802 9942 蜂王浆 30 300 用蜂王的蜜炼制出来。对恢复法力有一定的帮助，马上恢复450点法力，冷却时间30秒 0 450 20
1803 9817 黑玉断续膏 30 400 传说中的丹药，几乎能起死回生，马上恢复450点气血，冷却时间30秒 450 0 20
1804 9923 七彩灵芝 30 500 灵芝是很有灵气的，对法力的恢复有很大的帮助，马上恢复800点法力冷却时间30秒 0 800 40
1805 9161 玉菩提 30 600 能恢复一定的气血，马上恢复800点气血，冷却时间30秒 800 0 40
1806 9086 龙涎草 30 700 能恢复一定的法力，马上恢复1000点法力，冷却时间30秒 0 1000 60
1807 9102 试炼果 30 800 少量恢复气血，马上恢复1000点气血，冷却时间30秒 1000 0 60
1808 9173 银杏子 30 900 能对耐力临时提高，临时提高10%最大气血，持续10分钟，冷却2秒 0 0 20
1809 9032 仙山灵芝 30 1000 能对法力临时提高，临时提高10%最大法力，持续10分钟，冷却2秒 0 0 20
1810 9121 紫箐丹 30 1100 能对敏捷临时提高，临时提高10%敏捷，持续10分钟，冷却2秒 0 0 20
1811 9120 舍利子 30 1200 能对防御临时提高，临时提高10%防御，持续10分钟，冷却2秒 0 0 20
1812 9164 紫金丹 30 1300 能恢复一定的气血，马上恢复1500点气血，冷却时间30秒 1500 0 80
1813 9165 六神丹 30 1400 能恢复一定的法力，马上恢复1500点法力，冷却时间30秒 0 1500 80
1814 9176 天香续命丹 30 1500 恢复很多气血，马上恢复1800点气血，冷却时间30秒 1800 0 90
