剑 1001 铜剑 7319 蜀山、茅山、云梦泽、昆仑山 20 2000 3500 40 5 76 0
刀 1002 铜刀 7219 蜀山 20 2000 3500 70 0 0 0
拳套 1003 铜拳套 7012 桃花源 20 2000 3500 65 7 0 0
暗器 1004 铜针 7105 唐门 20 2000 3500 57 0 0 0
枪 1005 铜矛 7409 禁卫军 20 2000 3500 76 0 0 0
棍 1006 铜棍 7502 禁卫军 20 2000 3500 78 0 0 0
剑 1007 厚刃剑 7322 蜀山、茅山、云梦泽、昆仑山 30 3000 4500 60 5 105 0
棍 1008 纹须棍 7523 禁卫军 30 3000 6000 98 0 0 0
枪 1009 长戟 7409 禁卫军 30 3000 6000 99 0 0 0
刀 1010 大砍刀 7204 蜀山 30 3000 6000 89 0 0 0
拳套 1011 兽皮拳套 7004 桃花源 30 3000 6000 85 10 0 0
暗器 1012 梅花针 7101 唐门 30 3000 6000 75 -4 0 0
暗器 1013 破甲针 7101 唐门 40 4000 6500 93 4 0 0
刀 1014 五色刀 7219 蜀山 40 4000 6500 110 0 0 0
枪 1015 探海叉 7409 禁卫军 40 4000 6500 116 0 0 0
棍 1016 将军棍 7502 禁卫军 40 4000 6500 119 0 0 0
拳套 1017 碎骨拳套 7010 桃花源 40 4000 6500 105 15 0 0
剑 1018 白刃剑 7322 蜀山、茅山、云梦泽、昆仑山 40 4000 6500 100 5 165 0
剑 1019 银蛇剑 7322 蜀山、茅山、云梦泽、昆仑山 50 5000 8000 110 6 180 0
刀 1020 青犊刀 7221 蜀山 50 5000 8000 130 0 0 0
暗器 1021 玉蜂针 7103 唐门 50 5000 8000 111 -10 0 0
枪 1022 毒牙枪 7413 禁卫军 50 5000 8000 136 -10 0 0
棍 1023 齐眉棍 7502 禁卫军 50 5000 8000 141 0 0 0
拳套 1024 狼牙拳套 7010 桃花源 50 5000 8000 125 15 0 0
剑 1025 日月剑 7320 蜀山、茅山、云梦泽、昆仑山 60 6000 13000 120 7 205 0
刀 1026 血饮狂刀 7219 蜀山 60 6000 13000 150 0 0 0
拳套 1027 巨熊拳套 7017 桃花源 60 6000 13000 145 20 0 0
暗器 1028 追心箭 7103 唐门 60 6000 13000 129 155 0 0
棍 1029 金刚棍 7514 禁卫军 60 6000 13000 162 -10 0 0
枪 1030 勾镰枪 7421 禁卫军 60 6000 13000 157 10 0 0
剑 1031 赤星剑 7303 蜀山、茅山、云梦泽、昆仑山 70 7000 13500 140 8 225 0
刀 1032 百胜刀 7212 蜀山 70 7000 13500 170 0 0 0
枪 1033 丈八蛇矛 7418 禁卫军 70 7000 13500 177 20 0 0
棍 1034 无极棍 7513 禁卫军 70 7000 13500 182 20 0 0
暗器 1035 含沙射影 7109 唐门 70 7000 13500 148 20 0 0
拳套 1036 鹰爪拳套 7017 桃花源 70 7000 13500 165 30 0 0
剑 1037 承影剑 7303 蜀山、茅山、云梦泽、昆仑山 80 8000 14000 160 9 255 0
刀 1038 大夏龙雀 7212 蜀山 80 8000 14000 190 0 0 0
枪 1039 祝融火枪 7418 禁卫军 80 8000 14000 197 30 0 0
棍 1040 花雕棍 7521 禁卫军 80 8000 14000 196 30 0 0
暗器 1041 冰魄银针 7116 唐门 80 8000 14000 166 20 0 0
拳套 1042 雷光拳套 7017 桃花源 80 8000 14000 185 60 0 0
剑 1043 碎星剑 7314 蜀山、茅山、云梦泽、昆仑山 90 9000 14500 190 15 300 0
刀 1044 破空刀 7214 蜀山 90 9000 14500 220 0 0 0
枪 1045 霸王枪 7417 禁卫军 90 9000 14500 228 10 0 0
棍 1046 天魔棍 7505 禁卫军 90 9000 14500 227 10 0 0
暗器 1047 透魂钉 7119 唐门 90 9000 14500 195 10 0 0
拳套 1048 飓风拳套 7020 桃花源 90 9000 14500 215 75 0 0
剑 1049 长空浩月 7623 蜀山、茅山、云梦泽、昆仑山 100 10000 15500 210 20 330 0
刀 1050 斩妖泣血 7311 蜀山 100 10000 15500 240 0 0 0
枪 1051 神龙噬火 7420 禁卫军 100 10000 15500 249 0 0 0
棍 1052 冥光引魂 7520 禁卫军 100 10000 15500 258 0 0 0
暗器 1053 耀日神针 7120 唐门 100 10000 15500 211 0 0 0
拳套 1054 狂狮 7021 桃花源 100 10000 15500 235 80 0 0
剑 1055 冥光嗜魂 7619 蜀山、茅山、云梦泽、昆仑山 110 11000 16000 230 30 360 0
刀 1056 追星赶月 7310 蜀山 110 11000 16000 260 0 0 0
枪 1057 冥光寒戟 7422 禁卫军 110 11000 16000 269 0 0 0
棍 1058 震天 7522 禁卫军 110 11000 16000 278 0 0 0
暗器 1059 搜魂针 7121 唐门 110 11000 16000 220 0 0 0
拳套 1060 火云拳套 7022 桃花源 110 11000 16000 250 85 0 0
刀 1101 百炼刀 7221 蜀山 35 3500 3500 100 0 0 0
枪 1102 刺青枪 7416 禁卫军 35 3500 3500 102 -5 0 0
棍 1103 紫金棍 7521 禁卫军 35 3500 3500 105 -8 0 0
拳套 1104 蚕丝护手 7022 桃花源 35 3500 3500 90 20 0 0
暗器 1105 飞蝗石 7116 唐门 35 3500 3500 82 -4 0 0
剑 1106 玄黄剑 7314 蜀山、茅山、云梦泽、昆仑山 35 3500 3500 75 10 130 0
剑 1107 烈炎剑 7322 蜀山、茅山、云梦泽、昆仑山 45 4500 4500 85 12 165 0
刀 1108 海魂刀 7219 蜀山 45 4500 6000 120 0 0 0
枪 1109 寒光枪 7409 禁卫军 45 4500 6000 115 5 0 0
棍 1110 哭丧棒 7502 禁卫军 45 4500 6000 130 5 0 0
暗器 1111 飞龙镖 7101 唐门 45 4500 6000 120 5 0 0
拳套 1112 白虎拳套 7010 桃花源 45 4500 6000 115 30 0 0
剑 1113 鱼肠 7315 蜀山、茅山、云梦泽、昆仑山 55 5500 6500 115 15 195 0
刀 1114 赤刀 7221 蜀山 55 5500 6500 140 0 0 0
枪 1115 震天戟 7413 禁卫军 55 5500 6500 126 10 0 0
棍 1116 噬血棍 7513 禁卫军 55 5500 6500 151 10 0 0
暗器 1117 风魔袖里箭 7114 唐门 55 5500 6500 151 10 0 0
拳套 1118 虎爪拳套 7013 桃花源 55 5500 6500 135 40 0 0
剑 1119 雨露剑 7617 蜀山、茅山、云梦泽、昆仑山 65 6500 8000 125 16 210 0
刀 1120 太渊刀 7204 蜀山 65 6500 8000 160 0 0 0
枪 1121 蓬莱矛 7415 禁卫军 65 6500 8000 146 11 0 0
棍 1122 囚龙棒 7517 禁卫军 65 6500 8000 171 11 0 0
暗器 1123 天狼刺 7116 唐门 65 6500 8000 171 11 0 0
拳套 1124 制裁拳套 7017 桃花源 65 6500 8000 155 50 0 0
剑 1125 流沙剑 7618 蜀山、茅山、云梦泽、昆仑山 75 7500 13000 135 17 230 0
刀 1126 斩龙刀 7220 蜀山 75 7500 13000 180 0 0 0
枪 1127 龙尖枪 7410 禁卫军 75 7500 13000 171 12 0 0
棍 1128 玄冰棍 7522 禁卫军 75 7500 13000 191 12 0 0
暗器 1129 狂蜂针 7117 唐门 75 7500 13000 185 12 0 0
拳套 1130 天马流星 7018 桃花源 75 7500 13000 175 60 0 0
剑 1131 水月剑 7303 蜀山、茅山、云梦泽、昆仑山 85 8500 13500 170 10 270 0
刀 1132 昆吾刀 7311 蜀山 85 8500 13500 200 0 0 0
枪 1133 混天戟 7416 禁卫军 85 8500 13500 207 15 0 0
棍 1134 九环金莲棍 7521 禁卫军 85 8500 13500 211 15 0 0
暗器 1135 暴雨梨花针 7116 唐门 85 8500 13500 191 15 0 0
拳套 1136 死神珑手 7022 桃花源 85 8500 13500 195 70 0 0
剑 1137 天狼剑 7314 蜀山、茅山、云梦泽、昆仑山 95 9500 14000 190 15 300 0
刀 1138 破风刀 7205 蜀山 95 9500 14000 220 0 0 0
枪 1139 豪龙胆 7416 禁卫军 95 9500 14000 228 20 0 0
棍 1140 红莲怒 7516 禁卫军 95 9500 14000 227 20 0 0
暗器 1141 断魂沙 7122 唐门 95 9500 14000 205 20 0 0
拳套 1142 冰晶珑手 7022 桃花源 95 9500 14000 215 80 0 0
剑 1143 赤宵 7314 蜀山、茅山、云梦泽、昆仑山 105 10500 14500 210 20 330 0
刀 1144 灵宝 7221 蜀山 105 10500 14500 240 30 0 0
枪 1145 破军蛇矛 7422 禁卫军 105 10500 14500 249 30 0 0
棍 1146 擎天柱 7516 禁卫军 105 10500 14500 258 30 0 0
暗器 1147 玄铁袖里箭 7122 唐门 105 10500 14500 211 30 0 0
拳套 1148 钻石星尘 7023 桃花源 105 10500 14500 235 90 0 0
剑 1149 泰阿 7619 蜀山、茅山、云梦泽、昆仑山 115 11500 15500 240 40 375 0
刀 1150 霸海 7310 蜀山 115 11500 15500 270 40 0 0
枪 1151 方天戟 7422 禁卫军 115 11500 15500 279 40 0 0
棍 1152 困魔棍 7522 禁卫军 115 11500 15500 288 40 0 0
暗器 1153 星梅点点 7121 唐门 115 11500 15500 230 40 0 0
拳套 1154 虎王之爪 7022 桃花源 115 11500 15500 260 100 0 0
剑 1155 开阳剑 7323 蜀山、茅山、云梦泽、昆仑山 120 12000 16000 250 50 385 0
刀 1156 天璇刀 7223 蜀山 120 12000 16000 280 50 0 0
枪 1157 天枢枪 7423 禁卫军 120 12000 16000 289 50 0 0
棍 1158 天权棍 7516 禁卫军 120 12000 16000 298 50 0 0
暗器 1159 玉衡针 7122 唐门 120 12000 16000 240 50 0 0
拳套 1160 天玑拳套 7023 桃花源 120 12000 16000 270 110 0 0
