3201 水稻 3201 3201 30 根 20 
3202 麦子 3202 3202 30 根 20 
3203 玉米 3203 3203 30 棵 20 
3204 小米 3204 3204 30 两 20 
3205 高粱 3205 3205 30 根 20 
3210 冬瓜 3210 3210 30 只 20 
3211 南瓜 3211 3211 30 只 20 
3212 黄瓜 3212 3212 30 只 20 
3213 萝卜 3213 3213 30 根 20 
3214 白菜 3214 3214 30 颗 20 
3215 青菜 3215 3215 30 颗 20 
3220 番薯 3220 3220 30 个 20 
3221 山药 3221 3221 30 个 20 
3222 莲藕 3222 3222 30 根 20 
3223 茄子 3223 3223 30 根 20 
3224 竹笋 3224 3224 30 根 20 
3225 蘑菇 3225 3225 30 朵 20 
3230 绿豆 3230 3230 30 颗 20 
3231 黄豆 3231 3231 30 颗 400 
3232 扁豆 3232 3232 30 颗 20 
3233 花生 3233 3233 30 颗 20 
3234 芝麻 3234 3234 30 粒 20 
3235 油菜籽 3235 3235 30 粒 20 
3240 辣椒 3240 3240 30 只 20 
3241 葱 3241 3241 30 根 20 
3242 大蒜 3242 3242 30 个 20 
3243 姜 3243 3243 30 个 20 
3244 蜂蜜 3244 3244 30 罐 100 
3250 烟草 3250 3250 30 片 20 
3251 鸡蛋 3251 3251 30 个 20 
3252 鸭蛋 3252 3252 30 个 20 
3253 鸟蛋 3253 3253 30 个 20 
3254 乌龟蛋 3254 3254 30 个 20 
