3701 “一筒” 3701 3701 30 枚 15 
3702 “二筒” 3702 3702 30 枚 60 
3703 “三筒” 3703 3703 30 枚 60 
3704 “四筒” 3704 3704 30 枚 69 
3705 “五筒” 3705 3705 30 枚 66 
3706 “六筒” 3706 3706 30 枚 66 
3707 “七筒” 3707 3707 30 枚 75 
3708 “八筒” 3708 3708 30 枚 75 
3709 “九筒” 3709 3709 30 枚 126 
3711 “一条” 3711 3711 30 枚 15 
3712 “二条” 3712 3712 30 枚 60 
3713 “三条” 3713 3713 30 枚 60 
3714 “四条” 3714 3714 30 枚 69 
3715 “五条” 3715 3715 30 枚 66 
3716 “六条” 3716 3716 30 枚 66 
3717 “七条” 3717 3717 30 枚 75 
3718 “八条” 3718 3718 30 枚 75 
3719 “九条” 3719 3719 30 枚 126 
3721 “一万” 3721 3721 30 枚 50 
3722 “二万” 3722 3722 30 枚 50 
3723 “三万” 3723 3723 30 枚 50 
3724 “四万” 3724 3724 30 枚 50 
3725 “五万” 3725 3725 30 枚 50 
3726 “六万” 3726 3726 30 枚 50 
3727 “七万” 3727 3727 30 枚 50 
3728 “八万” 3728 3728 30 枚 50 
3729 “九万” 3729 3729 30 枚 50 
3731 “东风” 3731 3731 30 枚 50 
3732 “南风” 3732 3732 30 枚 50 
3733 “西风” 3733 3733 30 枚 50 
3734 “北风” 3734 3734 30 枚 50 
3735 “红中” 3735 3735 30 枚 50 
3736 “发财” 3736 3736 30 枚 50 
3737 “白板” 3737 3737 30 枚 50 
