4001 羽毛 4001 4001 30 30 轻的毛状类，颜色多彩，作出售品用
4002 蛋壳 4002 4002 30 30 卵孵化后的外壳，作出售品用
4003 兔眼石 4003 4003 30 34 类似兔眼的化石，作出售品用
4004 稻草 4004 4004 30 24 水稻秸杆的一部分，作出售品用
4005 蜂翼 4005 4005 30 38 一种特殊的纤维，作出售品用
4006 蚂蚁卵 4006 4006 30 33 一种很小的蛋状物，作出售品用
4007 粘液 4007 4007 30 36 青蛙分泌出来的一种液体，作出售品用
4008 小蝌蚪 4008 4008 30 41 水生物的一种，作出售品用
4009 蚂蚁触角 4009 4009 30 52 蚂蚁寻找路所使用的触觉体，作出售品用
4010 千年草藤 4010 4010 30 51 一种生长千年的藤本植物，作出售品用
4011 螳螂臂 4011 4011 30 100 螳螂肢体的一部分，作出售品用
4012 螳螂之翼 4012 4012 30 100 一种特殊的纤维，作出售品用
4013 破损的头盔 4013 4013 30 93 不能使用的铁盔，作出售品用
4014 破损的盔甲 4014 4014 30 93 不能使用的铁甲，作出售品用
4015 腰牌 4015 4015 30 134 出入城门的一种信物，作出售品用
4016 鱼骨 4016 4016 30 106 鱼的骨头呈齿状，作出售品用
4017 猴子尾巴 4017 4017 30 104 怪物猴子的尾巴，作出售品用
4018 狗尾巴 4018 4018 30 117 恶犬的尾巴，作出售品用
4019 蛇之冠 4019 4019 30 107 四脚蛇头部鲜红的火冠，作出售品用
4020 甲虫翅膀 4020 4020 30 108 一种特殊的纤维，作出售品用
4021 黄蜂刺 4021 4021 30 110 黄蜂尾部喷射出做攻击用的毒刺，作出售品用
4022 拐杖 4022 4022 30 136 木制品的一种，作出售品用
4023 火种 4023 4023 30 128 一种能散发出光和热的元素，作出售品用
4024 珠串 4024 4024 30 131 由美丽的圆珠串联成的项链，作出售品用
4025 奶嘴 4025 4025 30 135 一种哺育幼体的工具，作出售品用
4026 飞行扇 4026 4026 30 139 据说可自行飞动的扇子，作出售品用
4027 手杖 4027 4027 30 150 木料制品，做辅助性物品使用，作出售品用
4028 发束 4028 4028 30 153 男子用来固定头发的一种物品，作出售品用
4029 狗皮药膏 4029 4029 30 156 江湖郎中用来糊弄人的一种药品，作出售品用
4030 破旧的头盔 4030 4030 30 159 不能使用的钢盔，作出售品用
4031 破旧的盔甲 4031 4031 30 164 不能使用的钢甲，作出售品用
4032 骸骨碎片 4032 4032 30 206 骸骨的碎状物，作出售品用
4033 灯芯 4033 4033 30 248 作照明用的一种棉制品，作出售品用
4034 死者遗物 4034 4034 30 251 死者遗留下来的物品，作出售品用
4035 脚镣 4035 4035 30 250 用来束缚罪犯的一种钢制品，作出售品用
4036 蝎尾 4036 4036 30 222 动物外面的一层躯体，作出售品用
4037 蜘蛛丝 4037 4037 30 225 纺织类的一种原材料，作出售品用
4038 剧毒刺 4038 4038 30 236 动物尾部喷射出做攻击用的剧毒刺，作出售品用
4039 牛筋 4039 4039 30 220 一种很结实的动物经脉，作出售品用
4040 鼻环 4040 4040 30 225 用来驯养动物的一种器物，作出售品用
4041 水贼头巾 4041 4041 30 236 不能使用的布巾，作出售品用
4042 蛙蹼 4042 4042 30 239 青蛙的后腿部分，作出售品用
4043 闪光的石头 4043 4043 30 234 闪闪发光的小石头，作出售品用
4044 蜥蜴尾巴 4044 4044 30 233 怪物蜥蜴的尾巴，作出售品用
4045 绿色小石头 4045 4045 30 236 一个碧绿色的小石头，作出售品用
4046 大钳子 4046 4046 30 254 甲壳类动物的钳子，作出售品用
4047 龟壳 4047 4047 30 268 据说是东海乌龟所驮的壳，作出售品用
4048 破布衣 4048 4048 30 274 一种废弃的布制品，作出售品用
4049 皮带 4049 4049 30 289 一种废弃的皮制品，作出售品用
4050 蛛网 4050 4050 30 290 一种特殊的纤维，作出售品用
4051 红色小石头 4051 4051 30 293 红色的小石头，作出售品用
4052 帽缨 4052 4052 30 307 用来装扮自己的一种头饰，作出售品用
4053 刀柄 4053 4053 30 335 供手握刀的部位，作出售品用
4054 剑鞘 4054 4054 30 338 用来装剑的扁形铁制桶，作出售品用
4055 箭筒 4055 4055 30 341 一种用来装箭的一种器物，作出售品用
4056 枪头 4056 4056 30 338 一种废弃的铁制品，作出售品用
4057 鱼叉 4057 4057 30 383 用来捕鱼的一种工具，作出售品用
4058 铜罐 4058 4058 30 408 一种用盛物品的铜器，作出售品用
4059 黄色小石头 4059 4059 30 433 微微闪烁着黄光的小石头，作出售品用
4060 腐骨 4060 4060 30 436 无人收埋的死者遗骸，作出售品用
4061 铁骸 4061 4061 30 467 死者遗骸变体的一种，作出售品用
4062 铜骸 4062 4062 30 464 死者遗骸变体的一种，作出售品用
4063 僵尸冠 4063 4063 30 481 邪恶的僵尸所佩戴的帽冠，作出售品用
4064 骨盾 4064 4064 30 478 一种用来保护自己的骨制品，作出售品用
4065 骷髅头 4065 4065 30 482 无人收埋的死者遗骸，作出售品用
4066 桃木钉 4066 4066 30 484 做法场的一种器物，作出售品用
4067 七色串珠 4067 4067 30 465 由七彩珍珠串联起来的项链，作出售品用
4068 碎玉 4068 4068 30 486 翡翠的碎状物，作出售品用
4069 陶俑之首 4069 4069 30 488 一种没有用途的陶制品，作出售品用
4070 陶俑之臂 4070 4070 30 491 一种没有用途的陶制品，作出售品用
4071 锁魔链 4071 4071 30 503 用来束缚罪犯的一种钢制品，作出售品用
4072 甲胄 4072 4072 30 506 一种用来保护自己的铁制品，作出售品用
4073 魔之心 4073 4073 30 531 妖魔的心脏，作出售品用
4074 小太极 4074 4074 30 528 道家做法用的法器，作出售品用
4075 拂尘 4075 4075 30 535 仙人施法的一种器具，作出售品用
4076 玉盖 4076 4076 30 537 一种玉做的器具，作出售品用
4077 长寿石 4077 4077 30 537 装饰品的一种，作出售品用
4078 玉束髻 4078 4078 30 540 用来装扮自己的一种头饰，作出售品用
4079 火凤之翼 4079 4079 30 541 一种美丽的七彩羽毛制品，作出售品用
4080 寒铁刀柄 4080 4080 30 548 寒铁打造的刀身部件，作出售品用
4081 寒铁剑鞘 4081 4081 30 548 寒铁打造的剑身部件，作出售品用
4082 寒铁枪头 4082 4082 30 548 寒铁打造的枪体部件，作出售品用
