9001 板蓝根 9001 9001 5 株 150 
9002 金银花 9002 9002 5 朵 150 
9003 田七 9003 9003 5 块 150 
9004 罂粟果 9004 9004 5 个 1500 
9010 野菊 9010 9010 5 朵 150 
9011 黄芪 9011 9011 5 根 150 
9012 何首乌 9012 9012 5 块 150 
9020 罗汉果 9020 9020 5 个 150 
9021 穿心莲 9021 9021 5 株 150 
9022 黄连 9022 9022 5 块 150 
9023 洋金花 9023 9023 5 朵 1200 
9030 陈皮 9030 9030 5 块 150 
9031 红枣 9031 9031 5 粒 150 
9032 灵芝草 9032 9032 5 株 1800 
9040 生地 9040 9040 5 块 150 
9041 桔梗 9041 9041 5 条 150 
9042 山参 9042 9042 5 株 1800 
9050 甘草 9050 9050 5 根 150 
9051 白芪 9051 9051 5 块 150 
9052 当归 9052 9052 5 块 150 
9060 川贝 9060 9060 5 株 150 
9061 冬虫草 9061 9061 5 根 150 
9062 番红花 9062 9062 5 朵 150 
9070 龙骨 9070 9070 5 块 150 
9071 牛黄 9071 9071 5 块 150 
9072 鹿茸 9072 9072 5 根 1800 
9073 麝香 9073 9073 5 粒 150 
9074 蟾酥 9074 9074 5 块 1800 
9080 古石灰 9080 9080 5 块 150 
9081 雄黄 9081 9081 5 块 150 
9082 吡石 9082 9082 5 块 1800 
9083 砂汞 9083 9083 5 块 1500 
9084 硫磺 9084 9084 5 块 150 
9085 慈石 9085 9085 5 块 150 
9086 绿矾 9086 9086 5 块 1500 
