9800 河图洛书 9800 9800 1 本 1 
9801 黄帝内经 9801 9801 1 本 1 
9802 甲骨文片 9802 9802 1 本 1 
9803 道德经 9803 9803 1 本 1 
9804 山海经 9804 9804 1 本 1 
9805 太公兵法 9805 9805 1 本 1 
9806 孙子兵法 9806 9806 1 本 1 
9807 锦绣山河图 9807 9807 1 幅 1 
9808 高山流水 9808 9808 1 本 1 
9809 公输器械图 9809 9809 1 张 1 
9810 墨子守城图 9810 9810 1 张 1 
9811 白玉壁 9811 9811 1 块 1 
9812 半边虎符 9812 9812 1 块 1 
9813 鱼肠剑鞘 9813 9813 1 把 1 
9814 赵氏族谱 9814 9814 1 本 1 
9815 燕国地图 9815 9815 1 张 1 
9816 指南针 9816 9816 1 套 1 
9817 火药 9817 9817 1 包 1 
9818 造纸术 9818 9818 1 本 1 
9819 活字印刷术 9819 9819 1 本 1 
