疫鬼卡 3811 0902 持续1小时内变身为疫鬼，可提升2%躲闪值。 10 20 30
金精卡 3811 0950 持续1小时内变身为金精，可提升2%法术攻击力。 10 20 30
木精卡 3811 0951 持续1小时内变身为木精，可提升2%物理防御力。 10 20 30
水精卡 3811 0952 持续1小时内变身为水精，可提升2%法术防御力。 10 20 30
火精卡 3811 0953 持续1小时内变身为火精，可提升2%法术攻击力。 10 20 30
土精卡 3811 0954 持续1小时内变身为土精，可提升2%气血值。 10 20 30
蒙面人卡 3810 1000 持续1小时内变身为蒙面人，可提升2%躲闪值。 10 20 30
刺客卡 3810 1001 持续1小时内变身为刺客，可提升2%躲闪值。 10 20 30
天罡门众守卡 3810 1050 持续1小时内变身为天罡门众守，可提升2%气血值。 10 20 30
地煞门众守卡 3810 1051 持续1小时内变身为地煞门众守，可提升2%物理防御力。 10 20 30
太极门众守卡 3810 1052 持续1小时内变身为太极门众守，可提升2%法术攻击力。 10 20 30
刀魂卡 3812 1100 持续1小时内变身为刀魂，可提升2%物理攻击力。 10 20 30
剑魂卡 3812 1101 持续1小时内变身为剑魂，可提升2%命中率。 10 20 30
枪魂卡 3812 1102 持续1小时内变身为枪魂，可提升2%躲闪值。 10 20 30
鬼卒卡 3811 4141 持续1小时内变身为高级鬼卒，可提升2%法术攻击力。 10 20 30
天兵卡 3811 4142 持续1小时内变身为高级天兵，可提升2%物理防御力。 10 20 30
神将卡 3811 4143 持续1小时内变身为高级神将，可提升2%物理攻击力。 10 20 30
豆兵卡 3811 4145 持续1小时内变身为高级豆兵，可提升2%法术攻击力。 10 20 30
匈奴马贼卡 3812 8013 持续1小时内变身为匈奴马贼，可提升2%躲闪值。 10 20 30
逃犯卡 3811 8000 持续1小时内变身为逃犯，可提升2%躲闪值。 10 20 30
马贼卡 3811 8012 持续1小时内变身为马贼，可提升2%躲闪值。 10 20 30
