001 0010
002 0010
003 0010
161 0050
162 0050
061 0050
062 0050
063 0050
281 0100
282 0100
283 0100
284 0100
081 0150
082 0150
251 0150
021 0200
041 0200
042 0200
043 0200
089 0200
141 0200
142 0200
211 0200
241 0250
242 0250
243 0250
271 0250
272 0250
131 0250
132 0250
231 0250
181 0250
182 0250
155 0250
163 0300
164 0300
261 0300
262 0300
263 0300
264 0300
265 0350
266 0350
111 0350
112 0350
011 0400
012 0400
013 0400
014 0400
015 0400
151 0450
152 0450
153 0450
171 0500
172 0500
173 0500
174 0500
071 0550
072 0550
073 0550
031 0600
032 0600
033 0600
051 0650
052 0650
053 0650
321 0700
322 0700
323 0700
311 0750
312 0750
313 0750
331 0800
332 0800
333 0800
334 0800
335 0800
341 0850
342 0850
343 0850
344 0850
345 0850
291 0900
292 0900
293 0900
381 0950
382 0950
383 0950
384 0950
385 0950
371 1000
372 1000
373 1000
374 1000
091 1050
092 1050
093 1050
095 1050
391 1100
392 1100
393 1100
