001 001 1 新手村 2 0010 0011 0012 0 0 0 0063 0 0 0 0 1
002 002 2 荒郊 2 0010 0020 0021 0030 0 0 0061 0 0 0 0 0
003 003 3 野外 2 0011 0020 0021 0030 0 0 0062 0 0 0 0 0
161 161 4 洞庭湖 2 0050 0060 0070 0 0 0 0140 0141 0 0 0 0
162 162 5 巴丘 2 0050 0060 0070 0 0 0 0140 0141 0 0 0 0
061 061 6 楚方城１ 2 0110 0111 0 0 0 0 0161 0162 0 0 0 0
062 062 7 楚方城２ 2 0110 0111 0 0 0 0 0161 0162 0 0 0 0
063 063 8 楚方城３ 2 0110 0111 0 0 0 0 0161 0162 0 0 0 0
281 281 9 朝阳峰 2 0112 0113 0121 0 0 0 0164 0 0 0 0 0
282 282 10 桃花源 2 0114 0115 0122 0 0 0 0165 0 0 0 0 0
283 283 11 华山 2 0112 0113 0120 0 0 0 0163 0 0 0 0 0
284 284 12 上庸关 2 0110 0111 0 0 0 0 0161 0162 0 0 0 0
081 081 13 首阳山 2 0160 0170 0 0 0 0 0213 0 0 0 0 1
082 082 14 翠华山 2 0160 0171 0 0 0 0 0213 0 0 0 0 1
251 251 15 函谷关 2 0160 0170 0171 0 0 0 0213 0 0 0 0 1
021 021 16 襄陵 2 0220 0221 0222 0212 0 1 0262 0 0 0 0 0
041 041 17 无定河畔 2 0210 0211 0 0 0 1 0263 0 0 0 0 0
042 042 18 无定河１ 2 0210 0211 0 0 0 1 0263 0 0 0 0 0
043 043 19 无定河２ 2 0210 0211 0 0 0 1 0263 0 0 0 0 0
089 089 20 虎牢关 2 0250 0251 0 0 0 0 0300 0 0 0 0 0
141 141 21 马陵道 2 0221 0212 0 0 0 1 0275 0 0 0 0 0
142 142 22 白马庄 2 0220 0212 0 0 0 1 0275 0 0 0 0 0
211 211 23 马踏湖 2 0222 0212 0 0 0 1 0275 0 0 0 0 0
241 241 24 牧野 2 0260 0261 0 0 0 0 0330 0 0 0 0 0
242 242 25 桂棱 2 0260 0261 0 0 0 0 0330 0 0 0 0 0
243 243 26 平原 2 0260 0261 0 0 0 0 0340 0 0 0 0 0
271 271 27 涿鹿 2 0271 0250 0251 0 0 0 0352 0 0 0 0 1
272 272 28 易水 2 0271 0250 0251 0 0 0 0352 0 0 0 0 1
131 131 29 巨鹿 2 0270 0250 0251 0 0 0 0351 0 0 0 0 0
132 132 30 太行山 2 0260 0261 0 0 0 0330 0 0 0 0 0
231 231 31 长平 2 0280 0281 0 0 0 0 0350 0 0 0 0 1
181 181 32 萁关 2 0250 0251 0 0 0 0 0300 0 0 0 0 0
182 182 33 晋阳 2 0260 0261 0 0 0 0 0353 0 0 0 0 0
155 155 34 雁门关 2 0273 0274 0 0 0 1 0341 0 0 0 0 0
163 163 35 沼泽边缘 2 0310 0311 0312 0 0 0 0354 0355 0 0 0 0
164 164 36 沼泽地带 2 0310 0311 0312 0 0 0 0354 0355 0 0 0 0
261 261 37 大别山脚 2 0320 0321 0 0 0 0 0356 0 0 0 0 0
262 262 38 大别山 2 0320 0321 0 0 0 0 0356 0 0 0 0 0
263 263 39 巫山 2 0322 0323 0 0 0 0 0357 0 0 0 0 0
264 264 40 鄱阳湖 2 0322 0323 0 0 0 0 0357 0 0 0 0 0
265 265 41 赤壁 2 0360 0361 0 0 0 0 0400 0 0 0 0 0
266 266 42 太湖 2 0360 0361 0 0 0 0 0400 0 0 0 0 0
111 111 43 泰山 2 0362 0363 0364 0 0 0 0401 0 0 0 0 0
112 112 44 泰山山脚 2 0362 0363 0364 0 0 0 0401 0 0 0 0 0
011 011 45 东海渔村 2 0410 0411 0 0 0 0 0463 0 0 0 0 1
012 012 46 东海岸 2 0410 0411 0 0 0 0 0463 0 0 0 0 1
013 013 47 海滨 2 0410 0411 0 0 0 0 0463 0 0 0 0 1
014 014 48 海滨2 2 0410 0411 0 0 0 0 0463 0 0 0 0 1
015 015 49 东海岛 2 0410 0411 0 0 0 0 0463 0 0 0 0 1
151 151 50 郑国渠１ 2 0460 0461 0462 0 0 0 0515 0 0 0 0 0
152 152 51 郑国渠２ 2 0460 0461 0462 0 0 0 0515 0 0 0 0 0
153 153 52 郑国渠３ 2 0460 0461 0462 0 0 0 0515 0 0 0 0 0
171 171 53 长白山 2 0510 0514 0 0 0 0 0563 0 0 0 0 0
172 172 54 玉柱峰 2 0510 0511 0514 0512 0 1 0563 0 0 0 0 0
173 173 55 白云峰 2 0510 0511 0513 0514 0512 1 0563 0 0 0 0 0
174 174 56 长白天池 2 0513 0512 0 0 0 1 0563 0 0 0 0 0
071 071 57 燕长城１ 2 0560 0561 0562 0 0 0 0610 0 0 0 0 0
072 072 58 燕长城２ 2 0560 0561 0562 0 0 0 0610 0 0 0 0 0
073 073 59 燕长城３ 2 0560 0561 0562 0 0 0 0610 0 0 0 0 0
031 031 60 赵长城１ 2 0620 0621 0622 0 0 1 0670 0 0 0 0 0
032 032 61 赵长城２ 2 0620 0621 0622 0 0 1 0670 0 0 0 0 0
033 033 62 赵长城３ 2 0620 0621 0622 0 0 1 0670 0 0 0 0 0
051 051 63 秦长城１ 2 0660 0661 0662 0 0 1 0710 0 0 0 0 0
052 052 64 秦长城２ 2 0660 0661 0662 0 0 1 0710 0 0 0 0 0
053 053 65 秦长城３ 2 0660 0661 0662 0 0 1 0710 0 0 0 0 0
321 321 66 弯道１ 3 0720 0722 0721 0 0 1 0762 0 0 0 0 0
322 322 67 弯道２ 3 0720 0722 0721 0 0 1 0762 0 0 0 0 0
323 323 68 弯道３ 3 0720 0722 0721 0 0 1 0762 0 0 0 0 0
311 311 69 灵谷洞１ 3 0761 0810 0811 0760 0 1 0821 0 0 0 0 0
312 312 70 灵谷洞２ 3 0770 0811 0820 0771 0 1 0812 0 0 0 0 0
313 313 71 灵谷洞３ 3 0780 0811 0840 0781 0 1 0833 0 0 0 0 0
331 331 72 万人坑１ 3 0830 0831 0832 0 0 0 0900 0 0 0 0 0
332 332 73 万人坑２ 3 0830 0831 0832 0 0 0 0900 0 0 0 0 0
333 333 74 万人坑３ 3 0830 0831 0832 0 0 0 0900 0 0 0 0 0
334 334 75 万人坑４ 3 0830 0831 0832 0840 0 0 0900 0931 0 0 0 0
335 335 76 万人坑５ 3 0830 0831 0832 0840 0 0 0900 0913 0931 0 0 0
341 341 77 将军古墓１ 3 0850 0851 0 0 0 0 0921 0922 0 0 0 0
342 342 78 将军古墓２ 3 0850 0851 0860 0 0 1 0921 0922 0 0 0 0
343 343 79 将军古墓３ 3 0850 0851 0860 0870 0 1 0921 0922 0 0 0 0
344 344 80 将军古墓４ 3 0860 0880 0870 0 0 1 0932 0 0 0 0 0
345 345 81 将军古墓５ 3 0860 0880 0890 0870 0 1 0932 0 0 0 0 0
291 291 82 困魔阵１ 3 0910 0911 0912 0 0 1 0970 0 0 0 0 0
292 292 83 困魔阵２ 3 0910 0911 0920 0 0 0 0980 0 0 0 0 0
293 293 84 困魔阵３ 3 0910 0911 0930 0 0 1 0990 0 0 0 0 0
381 381 85 虚陵洞 3 0961 0962 0964 0960 0963 2 1000 0 0 0 0 1
382 382 86 小山道１ 3 0 0 0 0 0 0 0 0 0 0 0 0
383 383 87 玄真洞 3 0961 0962 0964 0960 0963 2 1021 0 0 0 0 1
384 384 88 小山道２ 3 0 0 0 0 0 0 0 0 0 0 0 0
385 385 89 紫云洞 3 0961 0962 0964 0960 0963 2 1041 0 0 0 0 1
371 371 90 水榭花都 3 0 0 0 0 0 0 0 0 0 0 0 0
372 372 91 九曲桥１ 3 1020 1040 0 0 0 1 1090 1091 0 0 0 2
373 373 92 九曲桥２ 3 1020 1040 0 0 0 1 1090 1091 0 0 0 2
374 374 93 九曲桥３ 3 1020 1040 0 0 0 1 1090 1091 0 0 0 2
091 091 94 天门阵１ 3 1060 1061 1062 0 0 0 1110 1111 0 0 0 0
092 092 95 天门阵２ 3 1061 1062 1070 0 0 0 1110 1111 0 0 0 0
093 093 96 天门阵３ 3 1061 1062 1080 0 0 0 1110 1111 0 0 0 0
095 095 97 天门宫 3 0 0 0 0 0 0 0 0 0 0 0 0
391 391 98 诛仙阵１ 3 1120 1121 1122 0 0 0 1180 1181 1182 0 0 0
392 392 99 诛仙阵２ 3 1120 1121 1122 0 0 0 1180 1181 1182 0 0 0
393 393 100 诛仙阵３ 3 1120 1121 1122 0 0 0 1180 1181 1182 0 0 0
117 117 101 泰山山洞１ 3 0 0 0 0 0 0 0 0 0 0 0 0
118 118 102 泰山山洞２ 3 0 0 0 0 0 0 0 0 0 0 0 0
119 119 103 泰山山洞３ 3 0 0 0 0 0 0 0 0 0 0 0 0
133 133 104 神秘山洞１ 3 0 0 0 0 0 0 0 0 0 0 0 0
134 134 105 神秘山洞２ 3 0 0 0 0 0 0 0 0 0 0 0 0
135 135 106 神秘山洞３ 3 0 0 0 0 0 0 0 0 0 0 0 0
139 139 107 牧场 2 0 0 0 0 0 0 0 0 0 0 0 0
375 375 108 孤竹小筑 3 0 0 0 0 0 0 0 0 0 0 0 0
346 346 110 将军古墓 3 0 0 0 0 0 0 0 0 0 0 0 0
295 295 111 魔神殿 3 0 0 0 0 0 0 0 0 0 0 0 0
395 395 112 封神台 3 0 0 0 0 0 0 0 0 0 0 0 0
289 289 109 桃源村 2 0 0 0 0 0 0 0 0 0 0 0 0
273 273 113 蜀山 2 0 0 0 0 0 0 0 0 0 0 0 0
324 324 114 庄院 2 0 0 0 0 0 0 0 0 0 0 0 0
269 269 115 茅山 2 0 0 0 0 0 0 0 0 0 0 0 0
054 054 116 昆仑山 2 0 0 0 0 0 0 0 0 0 0 0 0
165 165 117 云梦泽 2 0 0 0 0 0 0 0 0 0 0 0 0
010 010 118 齐 1 0 0 0 0 0 0 0 0 0 0 0 0
020 020 119 韩 1 0 0 0 0 0 0 0 0 0 0 0 0
030 030 120 赵 1 0 0 0 0 0 0 0 0 0 0 0 0
040 040 121 魏 1 0 0 0 0 0 0 0 0 0 0 0 0
050 050 122 秦 1 0 0 0 0 0 0 0 0 0 0 0 0
060 060 123 楚 1 0 0 0 0 0 0 0 0 0 0 0 0
070 070 124 燕 1 0 0 0 0 0 0 0 0 0 0 0 0
080 080 125 周 1 0 0 0 0 0 0 0 0 0 0 0 0
501 501 126 东武 2 0450 0451 0452 0 0 0 0505 0506 0507 0 0 0
502 502 127 小沛 2 0450 0451 0452 0 0 0 0505 0506 0507 0 0 0
503 503 128 彭城 2 0450 0451 0452 0 0 0 0505 0506 0507 0 0 0
504 504 129 广陵 2 0800 0801 0 0 0 0 0858 0857 0 0 0 0
505 505 130 乌江 2 0800 0801 0 0 0 0 0858 0857 0 0 0 0
506 506 131 即墨 2 0902 0901 0 0 0 0 0953 0954 0 0 0 0
507 507 132 乐陵 2 0902 0901 0 0 0 0 0953 0954 0 0 0 0
508 508 133 高唐 2 0852 0853 0 0 0 0 0907 0904 0 0 0 0
509 509 134 千乘 2 0852 0853 0 0 0 0 0907 0904 0 0 0 0
510 510 135 祈连草原 2 0601 0620 0621 0 0 0 0655 0657 0 0 0 0
511 511 136 祈连山 2 0601 0620 0621 0 0 0 0655 0657 0 0 0 0
512 512 137 阴山草原 2 0551 0560 0561 0 0 0 0603 0606 0 0 0 0
513 513 138 阴山 2 0551 0560 0561 0 0 0 0603 0606 0 0 0 0
514 514 139 壶关 2 0750 0751 0 0 0 0 0803 0804 0 0 0 0
515 515 140 易京 2 0750 0751 0 0 0 0 0803 0804 0 0 0 0
516 516 141 弘农 2 0700 0701 0 0 0 0 0753 0754 0 0 0 0
517 517 142 孟津 2 0700 0701 0 0 0 0 0753 0754 0 0 0 0
518 518 143 潼关 2 1100 1101 0 0 0 0 1151 1152 0 0 0 0
519 519 144 武关 2 1100 1101 0 0 0 0 1151 1152 0 0 0 0
520 520 145 子午谷 2 0950 0951 0 0 0 0 1004 1055 0 0 0 0
521 521 146 西城 2 1001 1002 0 0 0 0 1004 1055 0 0 0 0
522 522 147 汉中 2 0950 0951 0 0 0 0 1007 1054 0 0 0 0
523 523 148 阳平关 2 1001 1002 0 0 0 0 1007 1054 0 0 0 0
524 524 149 嵩山秘道 3 0650 0651 0652 0 0 0 0703 0706 0707 0707 0 0
525 525 150 中原秘道 3 0650 0651 0652 0 0 0 0703 0706 0707 0707 0 0
526 526 151 琅琊秘道 3 0650 0651 0652 0 0 0 0703 0706 0707 0707 0 0
527 527 152 邙山秘道 3 0650 0651 0652 0 0 0 0703 0706 0707 0707 0 0
528 528 153 衡山秘道 3 0500 0501 0502 0 0 0 0554 0555 0556 0 0 0
529 529 154 武陵秘道 3 0500 0501 0502 0 0 0 0554 0555 0556 0 0 0
530 530 155 雪峰山秘道 3 0500 0501 0502 0 0 0 0554 0555 0556 0 0 0
531 531 156 平阳 2 1050 1051 0 0 0 0 1102 1103 0 0 0 0
532 532 157 上党 2 1050 1051 0 0 0 0 1102 1103 0 0 0 0
549 549 158 巨兽岛 2 0552 0553 0 0 0 0 0604 0605 0 0 0 0
533 533 159 地狱魔窟1层 1 0602 0 0 0 0 0 0656 0 0 0 0 0
541 541 160 天外幻境1层 1 0653 0654 0 0 0 0 0704 0705 0 0 0 0
534 534 161 地狱魔窟2层 1 0702 0 0 0 0 0 0755 0 0 0 0 0
542 542 162 天外幻境2层 1 0752 0 0 0 0 0 0805 0 0 0 0 0
535 535 163 地狱魔窟3层 1 0802 0 0 0 0 0 0856 0 0 0 0 0
543 543 164 天外幻境3层 1 0854 0 0 0 0 0 0905 0906 0 0 0 0
536 536 165 地狱魔窟4层 1 0855 0903 0 0 0 0 0955 0 0 0 0 0
544 544 166 天外幻境4层 1 0952 0 0 0 0 0 1005 0 0 0 0 0
930 930 167 封神台 3 0 0 0 0 0 0 0 0 0 0 0 0
940 940 168 封神台2 3 0 0 0 0 0 0 0 0 0 0 0 0