1030 13 如意珠 7113 7113 袋 30 3000 16000 77 10% 16 16 1%
1040 14 金钱镖 7114 7114 把 40 6000 18000 95 11% 32 32 1%
1050 15 袖里箭 7115 7115 包 50 9000 20000 113 12% 48 48 1%
1060 16 蚊须刺 7116 7116 筒 60 12000 22000 131 13% 64 64 1%
1070 17 毒蒺藜 7117 7117 把 70 15000 24000 149 14% 80 80 1%
1080 18 霹雳弹 7118 7118 把 80 18000 26000 167 15% 96 96 1%
1090 19 透骨钉 7119 7119 把 90 21000 28000 185 16% 112 112 2%
1100 20 断魂砂 7120 7120 盒 100 24000 30000 203 17% 128 128 2%
1110 21 搜魂针 7121 7121 包 110 27000 32000 221 18% 144 144 2%
1120 22 松针 7122 7122 把 120 30000 34000 239 19% 160 160 2%
1130 23 柳絮 7123 7123 把 130 33000 36000 257 20% 176 176 2%
