1020 3 月牙刀 7218 20 3000 8000 58 0 0 0
1025 3 半月 7218 25 5500 13000 69 0 0 0
1030 4 寒铁刀 7219 30 7000 13500 79 0 0 0
1035 4 百炼刀 7219 35 8500 14000 89 0 0 0
1040 5 斩马刀 7212 40 12000 14500 99 0 0 0
1045 5 海魂刀 7212 45 14000 15500 110 0 0 0
1050 6 金环刀 7221 50 17000 16000 120 0 0 0
1055 6 暗金刃 7221 55 19000 16500 130 0 0 0
1060 7 赤炼刀 7216 60 22000 17500 140 0 0 0
1065 8 冷月 7204 65 24000 18000 150 0 0 0
1070 9 炽焰 7220 70 27000 18500 160 0 0 0
1080 10 火刃 7205 80 32000 20000 180 0 0 0
1090 11 破空 7214 90 37000 21500 200 0 0 0
1100 12 斩妖泣血 7311 100 42000 23000 221 0 0 0
1110 13 追星赶月 7310 110 47000 24500 241 0 0 0
1120 14 龙斩 7223 120 52000 26000 261 0 0 0
