BLADE 初学者木刀 7224 1 无门派 0 100 3500 8 0 0 0
BLADE 短木刀 7200 1 无门派 0 450 4500 20 0 0 0
BLADE 单刀 7201 2 无门派 10 900 6000 38 0 0 0
BLADE 短刀 7225 2 无门派 15 1200 6500 48 0 0 0
BLADE 月牙刀 7218 3 蜀山 20 3000 8000 58 0 0 0
BLADE 半月 7218 3 蜀山 25 5500 13000 69 0 0 0
BLADE 寒铁刀 7219 4 蜀山 30 7000 13500 79 0 0 0
BLADE 百炼刀 7219 4 蜀山 35 8500 14000 89 0 0 0
BLADE 斩马刀 7212 5 蜀山 40 12000 14500 99 0 0 0
BLADE 海魂刀 7212 5 蜀山 45 14000 15500 110 0 0 0
BLADE 金环刀 7221 6 蜀山 50 17000 16000 120 0 0 0
BLADE 暗金刃 7221 6 蜀山 55 19000 16500 130 0 0 0
BLADE 赤炼刀 7216 7 蜀山 60 22000 17500 140 0 0 0
BLADE 冷月 7204 8 蜀山 65 24000 18000 150 0 0 0
BLADE 炽焰 7220 9 蜀山 70 27000 18500 160 0 0 0
BLADE 火刃 7205 10 蜀山 80 32000 20000 180 0 0 0
BLADE 破空 7214 11 蜀山 90 37000 21500 200 0 0 0
BLADE 斩妖泣血 7311 12 蜀山 100 42000 23000 221 0 0 0
BLADE 追星赶月 7310 13 蜀山 110 47000 24500 241 0 0 0
BLADE 龙斩 7223 14 蜀山 120 52000 26000 261 0 0 0
SPEAR 竹矛 7400 1 无门派 0 100 3800 11 0 0 -3
SPEAR 长矛 7400 1 无门派 0 450 4500 26 0 0 -4
SPEAR 铁矛 7403 2 无门派 10 900 6000 44 0 0 -6
SPEAR 钢矛 7403 2 无门派 15 1200 6500 54 0 0 -8
SPEAR 黑铁矛 7409 3 禁卫军 20 3000 8000 64 0 0 -10
SPEAR 寒钢戟 7409 3 禁卫军 25 4500 8500 75 0 0 -12
SPEAR 墨青戟 7402 4 禁卫军 30 7000 13500 85 0 0 -14
SPEAR 刺青枪 7402 4 禁卫军 35 8500 14000 95 0 0 -16
SPEAR 重翎枪 7414 5 禁卫军 40 12000 14500 105 0 0 -18
SPEAR 寒光枪 7414 5 禁卫军 45 14000 15500 116 0 0 -20
SPEAR 玄墨矛 7413 6 禁卫军 50 17000 16000 126 0 0 -22
SPEAR 乌金枪 7413 6 禁卫军 55 19000 16500 136 0 0 -24
SPEAR 锯齿枪 7416 7 禁卫军 60 22000 17500 147 0 0 -26
SPEAR 丈八蛇矛 7415 8 禁卫军 65 24000 18000 157 0 0 -28
SPEAR 赤炎枪 7410 9 禁卫军 70 27000 18500 167 0 0 -30
SPEAR 锁喉枪 7418 10 禁卫军 80 32000 20000 187 0 0 -34
SPEAR 金环枪 7417 11 禁卫军 90 37000 21500 207 0 0 -38
SPEAR 神龙噬火 7420 12 禁卫军 100 42000 23000 229 0 0 -42
SPEAR 冥光寒戟 7422 13 禁卫军 110 47000 24500 249 0 0 -46
SPEAR 开天 7423 14 禁卫军 120 52000 26000 269 0 0 -50
SWORD 长木剑 7613 1 无门派 0 100 4500 6 3 0 2
SWORD 木剑 7613 1 无门派 0 450 6000 14 4 0 3
SWORD 追风剑 7322 2 蜀山 10 900 9000 32 5 10 4
SWORD 长风剑 7322 2 蜀山 15 1200 10000 42 6 25 5
SWORD 清风剑 7318 3 蜀山 20 3000 12500 52 7 40 6
SWORD 寒青剑 7318 3 蜀山 25 4500 13000 62 8 55 7
SWORD 金蛇剑 7320 4 蜀山 30 7000 13500 72 9 70 8
SWORD 游龙剑 7320 4 蜀山 35 8500 14000 82 10 85 9
SWORD 迎风斩 7301 5 蜀山 40 12000 14500 92 11 100 10
SWORD 绝情刃 7301 5 蜀山 45 14000 15500 101 12 115 11
SWORD 墨玉剑 7303 6 蜀山 50 17000 16500 110 13 130 12
SWORD 玄冥剑 7303 6 蜀山 55 19000 17500 121 14 145 13
SWORD 龙齿锏 7313 7 蜀山 60 22000 18500 131 15 160 14
SWORD 青虹剑 7315 8 蜀山 65 24000 19500 141 16 175 15
SWORD 太极剑 7617 9 蜀山 70 27000 20500 150 17 190 16
SWORD 干将 7304 10 蜀山 80 32000 21500 170 20 205 18
SWORD 霸者之刃 7317 11 蜀山 90 37000 22500 190 23 220 20
SWORD 长空浩月 7314 12 蜀山 100 42000 23500 210 26 250 22
SWORD 冥光嗜魂 7616 13 蜀山 110 47000 24500 230 29 280 24
SWORD 弑神 7319 14 蜀山 120 52000 25500 250 33 310 26
STICK 长木棍 7500 1 无门派 0 100 4000 13 -3 0 0
STICK 长木棍 7500 1 无门派 0 450 4500 28 -4 0 0
STICK 寒铁棍 7502 2 无门派 10 900 9000 46 -6 0 0
STICK 精钢棍 7502 2 无门派 15 1200 10000 56 -8 0 0
STICK 青竹棍 7504 3 禁卫军 20 3000 13000 66 -10 0 0
STICK 碧玉棍 7504 3 禁卫军 25 4500 13500 78 -12 0 0
STICK 檀紫棍 7515 4 禁卫军 30 7000 14000 88 -14 0 0
STICK 紫金棍 7515 4 禁卫军 35 8500 14500 98 -16 0 0
STICK 驱魔棍 7516 5 禁卫军 40 12000 15000 108 -18 0 0
STICK 噬血棍 7516 5 禁卫军 45 14000 16000 119 -20 0 0
STICK 狼牙棍 7513 6 禁卫军 50 17000 17000 130 -22 0 0
STICK 皓齿棍 7513 6 禁卫军 55 19000 18000 141 -24 0 0
STICK 玄纹棍 7518 7 禁卫军 60 22000 19000 152 -26 0 0
STICK 黑虎棍 7517 8 禁卫军 65 24000 20000 162 -28 0 0
STICK 玄金棍 7522 9 禁卫军 70 27000 21000 176 -30 0 0
STICK 青纹棍 7521 10 禁卫军 80 32000 22000 186 -34 0 0
STICK 伏魔杖 7505 11 禁卫军 90 37000 23000 216 -38 0 0
STICK 冥光引魂 7520 12 禁卫军 100 42000 24000 238 -42 0 0
STICK 震天 7522 13 禁卫军 110 47000 25000 258 -46 0 0
STICK 盘龙 7516 14 禁卫军 120 52000 26000 280 -50 0 0
UNARMED 布拳套 7000 0 无门派 0 100 4500 10 2 0 0
UNARMED 粗麻手套 7000 0 无门派 0 450 6000 17 3 0 0
UNARMED 青藤拳套 7001 0 无门派 10 900 9000 35 4 0 0
UNARMED 兽皮拳套 7002 0 无门派 15 1200 10000 45 5 0 0
UNARMED 鱼鳞拳套 7003 0 桃花源 20 3000 12500 55 6 0 0
UNARMED 蚕丝护手 7004 0 桃花源 25 4500 13000 65 7 0 0
UNARMED 青铜拳套 7005 0 桃花源 30 7000 13500 75 8 0 0
UNARMED 狼牙拳套 7006 0 桃花源 35 8500 14000 85 9 0 0
UNARMED 精钢拳套 7008 0 桃花源 40 12000 14500 95 10 0 0
UNARMED 白虎拳套 7010 0 桃花源 45 14000 15500 105 11 0 0
UNARMED 黄金珑手 7012 0 桃花源 50 17000 16500 115 12 0 0
UNARMED 金刚护手 7013 0 桃花源 55 19000 17500 125 13 0 0
UNARMED 金缕拳套 7016 0 桃花源 60 22000 18500 135 14 0 0
UNARMED 朱雀拳套 7017 0 桃花源 65 24000 19500 145 15 0 0
UNARMED 金丝拳套 7018 0 桃花源 70 27000 20500 155 16 0 0
UNARMED 紫血护手 7019 0 桃花源 80 32000 21500 175 18 0 0
UNARMED 玄铁拳套 7020 0 桃花源 90 37000 22500 195 20 0 0
UNARMED 死神珑手 7021 0 桃花源 100 42000 23500 215 22 0 0
UNARMED 冰晶珑手 7022 0 桃花源 110 47000 24500 235 24 0 0
UNARMED 紫血珑手 7023 0 桃花源 120 52000 25500 255 26 0 0
THROWING 碎石子 7100 0 唐门 10 1000 12000 30 -6 0 0
THROWING 梅花针 7101 0 唐门 15 1500 13000 39 -8 0 0
THROWING 柳叶镖 7102 0 唐门 20 2000 14000 48 -10 0 0
THROWING 小飞刀 7103 0 唐门 25 2500 15000 57 -12 0 0
THROWING 飞蝗石 7104 0 唐门 30 3000 16000 66 -14 0 0
THROWING 五棱镖 7105 0 唐门 35 4500 17000 75 -16 0 0
THROWING 精钢镖 7109 0 唐门 40 6000 18000 84 -18 0 0
THROWING 飞龙镖 7110 0 唐门 45 7500 19000 93 -20 0 0
THROWING 如意珠 7113 0 唐门 50 9000 20000 102 -22 0 0
THROWING 金钱镖 7114 0 唐门 55 10500 21000 111 -24 0 0
THROWING 袖箭 7115 0 唐门 60 12000 22000 120 -26 0 0
THROWING 蚊须针 7116 0 唐门 65 13500 23000 129 -28 0 0
THROWING 毒蒺藜 7117 0 唐门 70 15000 24000 138 -30 0 0
THROWING 霹雳弹 7118 0 唐门 80 18000 26000 156 -34 0 0
THROWING 透骨钉 7119 0 唐门 90 21000 28000 174 -38 0 0
THROWING 断魂沙 7120 0 唐门 100 24000 30000 192 -42 0 0
THROWING 搜魂针 7121 0 唐门 110 27000 32000 210 -46 0 0
THROWING 透心刺 7122 0 唐门 120 30000 34000 228 -50 0 0
SWORD 翠木剑 7613 2 茅山 10 1500 4500 20 0 40 0
SWORD 风木剑 7613 2 茅山 15 3000 4750 30 0 55 0
SWORD 桃木剑 7613 3 茅山 20 6000 5000 40 0 70 0
SWORD 檀木剑 7613 3 茅山 25 9000 5250 50 0 85 0
SWORD 玄黄剑 7620 4 茅山 30 12000 5500 60 0 100 0
SWORD 金乾剑 7620 4 茅山 35 15000 5750 70 0 115 0
SWORD 赤阳剑 7621 5 茅山 40 18000 6000 80 0 130 0
SWORD 破魂剑 7621 5 茅山 45 21000 6250 90 0 145 0
SWORD 暗青剑 7315 6 茅山 50 24000 6500 100 0 160 0
SWORD 天雷剑 7315 6 茅山 55 27000 6750 110 0 175 0
SWORD 真武剑 7617 7 茅山 60 30000 7000 120 0 190 0
SWORD 玄武剑 7617 8 茅山 65 33000 7250 130 0 205 0
SWORD 紫阳剑 7618 9 茅山 70 36000 7500 140 0 220 0
SWORD 辟邪剑 7620 10 茅山 80 42000 8000 160 0 250 0
SWORD 斩妖剑 7314 11 茅山 90 48000 8500 180 0 280 0
SWORD 诛仙 7623 12 茅山 100 54000 9000 200 0 310 0
SWORD 嗜魂 7619 13 茅山 110 60000 9500 220 0 340 0
SWORD 凌云 7323 14 茅山 120 66000 10000 240 0 370 0
SWORD 水木剑 7613 2 昆仑山 10 1500 4500 20 0 45 0
SWORD 火木剑 7613 2 昆仑山 15 3000 4750 30 0 60 0
SWORD 灵木剑 7613 3 昆仑山 20 6000 5000 40 0 75 0
SWORD 华木剑 7613 3 昆仑山 25 9000 5250 50 0 90 0
SWORD 冥黄剑 7620 4 昆仑山 30 12000 5500 60 0 105 0
SWORD 暗金剑 7620 4 昆仑山 35 15000 5750 70 0 120 0
SWORD 朝阳剑 7621 5 昆仑山 40 18000 6000 80 0 135 0
SWORD 烈炎剑 7621 5 昆仑山 45 21000 6250 90 0 150 0
SWORD 慑魂剑 7315 6 昆仑山 50 24000 6500 100 0 165 0
SWORD 暗玉剑 7315 6 昆仑山 55 27000 6750 110 0 180 0
SWORD 玄魂剑 7617 7 昆仑山 60 30000 7000 120 0 195 0
SWORD 无极剑 7617 8 昆仑山 65 33000 7250 130 0 210 0
SWORD 紫魂剑 7618 9 昆仑山 70 36000 7500 140 0 225 0
SWORD 玄冥锏 7620 10 昆仑山 80 42000 8000 160 0 255 0
SWORD 玄青剑 7314 11 昆仑山 90 48000 8500 180 0 285 0
SWORD 血饮 7623 12 昆仑山 100 54000 9000 200 0 315 0
SWORD 幽魂 7619 13 昆仑山 110 60000 9500 220 0 345 0
SWORD 青天 7323 14 昆仑山 120 66000 10000 240 0 375 0
SWORD 云木剑 7613 2 云梦泽 10 1500 4500 25 0 45 0
SWORD 雨木剑 7613 2 云梦泽 15 3000 4750 35 0 60 0
SWORD 玄木剑 7613 3 云梦泽 20 6000 5000 45 0 75 0
SWORD 冥木剑 7613 3 云梦泽 25 9000 5250 55 0 90 0
SWORD 赤黄剑 7620 4 云梦泽 30 12000 5500 65 0 105 0
SWORD 鸣金剑 7620 4 云梦泽 35 15000 5750 75 0 120 0
SWORD 赤胆剑 7621 5 云梦泽 40 18000 6000 85 0 135 0
SWORD 赤炎剑 7621 5 云梦泽 45 21000 6250 95 0 150 0
SWORD 寒青剑 7315 6 云梦泽 50 24000 6500 105 0 165 0
SWORD 钨钢剑 7315 6 云梦泽 55 27000 6750 115 0 180 0
SWORD 阴阳剑 7617 7 云梦泽 60 30000 7000 125 0 195 0
SWORD 御风剑 7617 8 云梦泽 65 33000 7250 135 0 210 0
SWORD 紫霞剑 7618 9 云梦泽 70 36000 7500 145 0 225 0
SWORD 赤金锏 7620 10 云梦泽 80 42000 8000 165 0 255 0
SWORD 玉纹剑 7314 11 云梦泽 90 48000 8500 185 0 285 0
SWORD 血阳 7623 12 云梦泽 100 54000 9000 205 0 315 0
SWORD 长空 7619 13 云梦泽 110 60000 9500 225 0 345 0
SWORD 玉风 7323 14 云梦泽 120 66000 10000 245 0 375 0
