3001 花匠 5801 040 220，215，4 50000 3000 1 25 10 10 0 1 梅花、兰花、文竹、菊花、玫瑰花、茉莉花、牡丹花、桃花、山茶花、芍药花、牵牛花、大红花、水仙花、海棠花、百合花、丁香花
3002 李德 5505 040 83，184，6 50000 3000 2 25 10 10 0 11 花环
3003 茶叶商 5401 060 216，174，6 50000 3000 1 25 10 10 0 21 红茶、绿茶、茉莉花茶、普洱茶、铁观音茶、龙井茶、云雾茶、铁观音茶叶、云雾茶叶
3004 瘾君子 0053 050 270，218，4 50000 3000 1 25 10 10 1 1 米酒、黄酒、老酒、烧刀子、汾酒、杜康酒、女儿红
3005 黎老汉 5801 060 244，223，2 50000 3000 1 25 10 10 1 11 水稻、麦子、玉米、小米、高粱
3006 魏老汉 5801 040 207，214，4 50000 3000 1 25 10 10 1 21 冬瓜、南瓜、黄瓜、萝卜、白菜、青菜、番薯、莲藕、茄子、竹笋、蘑菇、绿豆、黄豆、扁豆、花生、辣椒、葱、大蒜、姜
3007 齐小贩 0450 010 58，136，4 50000 3000 1 25 10 10 2 1 鸡蛋、鸭蛋、鸟蛋、乌龟蛋
3008 贝贝 7302 050 77，179，4 50000 3000 1 25 10 10 2 11 烧饼、煎饼、红豆糕、绿豆糕、牛肉干、烤肉串、烤番薯、豆腐干、臭豆腐、炒瓜子、炒花生、冰糖葫芦
3009 秦老汉 5801 050 217，187，6 50000 3000 1 25 10 10 2 21 铁铲、锄头、铁犁、镰刀、钉耙、草叉、铁锤、木槌、凿子、刨子、锯子、簸箕、小木桶
3010 李方士 5601 020 134，184，4 50000 3000 1 25 10 10 3 1 柱香、蜡烛、檀香、纸钱、小香炉、鹤嘴炉
3011 刘方士 5601 020 223，147，2 50000 3000 1 25 10 10 3 11 黄纸、朱砂、法笔
3012 韩平 5301 020 294，144，2 50000 3000 2 25 10 10 3 21 燃烟的鹤嘴炉
3013 刘老板 5401 070 154，237，2 50000 3000 1 25 10 10 4 1 铁锅、陶碗、金碗、竹筷、银筷、碟子、盘子、勺子、水瓢、菜刀、剪刀、茶壶、打火石
3014 秀丽小姐 7302 040 311，198，7 50000 3000 1 25 10 10 4 11 胭脂、水粉、敷面粉、红印纸、发刷、粉扑、发夹、铜镜、手镜
3015 乐师 5505 020 302，174，4 50000 3000 1 25 10 10 4 21 锣、鼓、钹、笛子、唢呐、萧、竽、筝、琵琶、二胡
3016 赌徒甲 0052 060 273，221，4 50000 3000 1 25 10 10 5 1 “一万”、“二万”、“三万”、“四万”、“五万”、“六万”、“七万”、“八万”、“九万”
3017 赌徒乙 0053 060 277，217，4 50000 3000 1 25 10 10 5 11 “一条”、“二条”、“三条”、“四条”、“五条”、“六条”、“七条”、“八条”、“九条”
3018 赌徒丙 0250 060 236，207，6 50000 3000 1 25 10 10 5 21 “一筒”、“二筒”、“三筒”、“四筒”、“五筒”、“六筒”、“七筒”、“八筒”、“九筒”
3019 赌徒丁 0200 060 156，250，6 50000 3000 1 25 10 10 6 1 “东风”、“南风”、“西风”、“北风”、“红中”、“发财”、“白板”
3020 雷霸天 0252 010 327，170，2 50000 3000 4 25 10 10 6 11 全套麻将牌
3021 棋童小红 7309 010 332，176，2 50000 3000 1 25 10 10 6 21 “帅”、“仕”、“相”、“車”、“馬”、“炮”、“兵”
3022 棋童小黑 5909 010 352，146，6 50000 3000 1 25 10 10 7 1 “将”、“士”、“象”、“车”、“马”、“砲”、“卒”
3023 向棋师 5501 020 279，189，8 50000 3000 3 25 10 10 7 11 全副象棋
3024 燕老汉 5801 070 241，83，3 50000 3000 4 25 10 10 7 21 全副围棋
3025 沈文 5505 020 272，175，2 50000 3000 1 25 10 10 8 1 《大学》、《中庸》、《论语》、《孟子》
3026 程强 5505 050 295，173，4 50000 3000 1 25 10 10 8 11 《诗经》、《尚书》、《礼记》、《周易》、《春秋》
3027 罗天 5505 010 347，168，4 50000 3000 2 25 10 10 8 21 《大学》、《中庸》、《论语》、《孟子》、《诗经》、《尚书》、《礼记》、《周易》、《春秋》
3028 崔大官人 5301 040 262，156，2 50000 3000 1 25 10 10 9 1 白纸、墨块、毛笔、砚台
3029 燕苍天 5805 070 91，199，6 50000 3000 3 25 10 10 9 11 竹蜻蜓、小风车、小泥人
3030 玉器商 5401 010 37，143，8 50000 3000 2 25 10 10 9 21 龙纹玉佩、凤纹玉佩、虎纹玉佩、雀纹玉佩、鸳鸯玉佩
3031 药材商 5401 070 216，199，4 50000 3000 2 25 10 10 10 1 古石灰、雄黄、吡石、砂汞、硫磺、慈石、绿矾
3032 秦药师 5501 050 228，202，3 50000 3000 2 25 10 10 10 11 行军散、活络丸、造化丹、正气散、安神丸、补心丹、救急丹、活心丹、再造丸、
3033 古董商 5901 070 171，225，6 50000 3000 2 25 10 10 10 21 残旧藏宝图
3034 宝石商 5302 070 207，242，8 50000 3000 4 25 10 10 11 1 残缺橙晶石、残缺灰晶石、残缺白晶石、残缺黄晶石、残缺红晶石、残缺黑晶石、残缺青晶石、残缺绿晶石、残缺蓝晶石、残缺紫晶石
