0101 杞王残魄 751 1 30a2 2 10 40 4 空手 10000 1913 640 760 190 0 0 0 0 642 30 35 0 641 30 35 0 5440 蚂蚁卵、蚂蚁触角 520 安神丸、魔晴石、蓝魔之泪、石炭 4 随机技能进阶书 200 初级宠物技能书 0 －
0102 虞王残魄 0500 1 0861 2 10 45 4 空手 10000 1913 640 860 200 0 0 0 0 642 30 40 0 641 30 40 0 5440 闪光的石头 520 动物皮毛、蜂蜜、熊掌、绒球 4 随机技能进阶书 200 初级宠物技能书 0 －
0103 虢王残魄 0900 1 106d 2 10 50 4 五雷 10000 2002 640 920 300 0 0 0 0 797 35 45 0 797 35 45 0 5040 龟壳 520 辟毒散、萤光粉、 4 随机技能进阶书 200 初级宠物技能书 0 －
0104 蔡王残魄 0650 1 32a4 2 10 55 4 空手 10000 2456 640 1100 100 0 0 0 0 851 30 40 50 689 30 40 50 4640 腰牌、皮带 520 老酒、黄酒、石炭、蚕丝、碎绫 4 随机技能进阶书 200 初级宠物技能书 0 －
0105 耿王残魄 1051 1 1004 2 10 60 4 五雷 10000 1939 640 1150 150 0 0 0 0 668 35 45 55 669 35 45 55 5360 死者遗物 520 摄魂石、安神丸、魔晴石 4 随机技能进阶书 200 初级宠物技能书 0 －
0106 巴王残魄 0351 1 8410 2 10 65 4 空手 10000 2566 640 1220 220 0 0 0 0 675 40 50 60 675 40 50 60 4720 帽缨、破旧的头盔、破旧的盔甲 520 活络丸、安神丸、桃子、蚕丝、碎绫、 4 随机技能进阶书 200 初级宠物技能书 0 －
0107 陈王残魄 8010 1 3016 2 10 70 4 空手 10000 2556 640 1250 250 0 0 0 0 675 45 55 65 675 45 55 65 4800 刀柄 450 活络丸、安神丸、桃子、蚕丝、碎绫、碎纱 4 随机技能进阶书 200 初级宠物技能书 0 －
0108 邶王残魄 0602 1 186 2 10 75 4 暗器 10000 2556 640 1400 150 0 0 0 0 675 50 60 70 675 50 60 70 4800 枪头 450 活络丸、安神丸、蚕丝、碎绫、碎纱 4 随机技能进阶书 200 初级宠物技能书 0 －
0109 卫王残魄 0551 1 100 2 10 80 4 空手 10000 2870 640 1500 260 0 0 0 0 648 55 65 70 648 55 65 70 4540 铜罐 450 活络丸、安神丸、蚕丝、碎绫、碎纱 4 随机技能进阶书 200 初级宠物技能书 0 －
0110 梁王残魄 0202 1 3000 2 10 85 4 暗器 10000 2389 640 1650 350 0 0 0 0 608 60 70 80 608 60 70 80 5101 死者遗物、铜骸、铁骸、 450 摄魂石、魔晴石、安神丸、活络丸 4 随机技能进阶书 200 初级宠物技能书 0 －
0111 鲁王残魄 4131 1 4809 2 10 90 4 空手 10000 2626 560 1650 350 0 0 0 0 608 60 70 80 608 60 70 80 4944 死者遗物、腐骨 450 摄魂石、魔晴石、蓝魔之泪、龙骨 4 随机技能进阶书 200 初级宠物技能书 0 －
0112 郑王残魄 8013 1 4 2 10 95 4 空手 10000 2664 640 1800 350 0 0 0 0 581 70 80 90 581 70 80 90 4880 死者遗物、七色串珠 450 魔晴石、碎锦 4 随机技能进阶书 200 初级宠物技能书 0 －
0113 越王残魄 4145 1 6b 2 10 100 4 空手 10000 2694 640 1900 400 0 0 0 0 581 70 80 90 581 70 80 90 5000 骨盾、骷髅头、桃木钉 300 辟毒散、萤光粉、碎绫、碎纱、龙骨、碎锦 4 随机技能进阶书 200 初级宠物技能书 0 －
0114 吴王残魄 0752 1 300f 2 10 105 4 五雷 10000 2736 640 1000 240 0 0 0 0 540 80 90 100 540 80 90 100 5040 拂尘 300 辟毒散、萤光粉、 4 随机技能进阶书 200 初级宠物技能书 0 －
0115 晋王残魄 5101 1 1 2 10 110 4 五雷 10000 2736 640 1000 240 0 0 0 0 540 80 90 100 540 80 90 100 5040 龟壳、长寿石 300 辟毒散、萤光粉、碎锦 4 随机技能进阶书 200 初级宠物技能书 0 －
