1 2501 板蓝根 107 0 900 0 1
2 2502 金银花 108 0 900 0 1
3 2503 田七 109 0 900 0 20
4 2504 罂粟果 110 0 900 0 10                  
5 2505 野菊 111 0 900 0 20                     
6 2506 黄芪 112 30 900 0 30                                                               
7 2507 何首乌 113 30 900 0 40                                                               
8 2508 罗汉果 114 30 900 0 50                                                               
9 2509 穿心莲 115 30 900 0 50                                                               
10 2510 黄连 116 30 900 0 50                                                               
11 2511 洋金花 117 30 900 0 50                                                               
12 2512 陈皮 118 30 900 0 55                                                               
13 2513 红枣 119 60 900 0 60                                                               
14 2514 灵芝草 120 60 1200 0 60                                                              
15 2515 生地 121 60 900 0 65                                                               
16 2516 桔梗 122 60 900 0 60                                                               
17 2517 山参 123 60 900 0 70                                                               
18 2518 甘草 124 60 1200 0 70                                                                
19 2519 白芪 125 60 1200 0 70                                                                
20 2520 当归 126 60 1200 0 75                                                                
21 2521 川贝 127 60 1800 0 75                                                                
22 2522 冬虫草 128 60 1800 0 80                                                                