1 秦陵守卫 0651 会 1 － 53 2 武器 15 2 人形 强壮 主动 10000 4190 1000 1500 50 0 0 0 0 20 40 50 0 20 40 50 0 4160 破旧的头盔、破旧的盔甲 600 摄魂石、蚕丝、碎绫 10 40-60级随机配方 0 －
2 秦兵俑 0851 不会 1 4ab2 54 2 武器 20 2 无 强壮 主动 10000 4197 1000 1500 50 0 0 0 0 20 40 50 0 20 40 50 0 4153 刀柄 600 摄魂石、蚕丝、碎绫 10 40-60级随机配方 0 －
3 秦兵俑 0852 不会 1 4ab2 54 2 武器 20 2 无 强壮 主动 10000 4146 1000 1500 50 0 0 0 0 20 40 50 0 20 40 50 0 4204 剑鞘 600 摄魂石、蚕丝、碎绫 10 40-60级随机配方 0 －
4 弓兵俑 0853 不会 1 4ab2 53 2 暗器 25 2 无 强壮 主动 10000 4049 1000 1500 50 0 0 0 0 20 40 50 0 20 40 50 0 4301 箭筒 600 摄魂石、蚕丝、碎绫 10 40-60级随机配方 0 －
5 陵墓卫兵 0650 会 1 6d6d 58 3 武器 15 2 人形 强壮 主动 10000 3790 1000 1500 50 0 0 0 0 20 40 50 0 20 40 50 0 4560 破旧的头盔、破旧的盔甲 600 魔晴石、蚕丝、碎绫 10 40-60级随机配方 0 －
6 陵墓弓兵 0652 会 1 6d6d 58 3 暗器 20 2 人形 强壮 主动 10000 3804 1000 1500 50 0 0 0 0 20 40 50 0 20 40 50 0 4546 破旧的头盔、破旧的盔甲 600 魔晴石、蚕丝、碎绫 10 40-60级随机配方 0 －
7 秦国祭师 9961 会 1 － 59 3 五雷 20 2 人形 强壮 主动 10000 4570 1000 1500 50 0 0 0 0 20 40 50 0 20 40 50 0 3780 死者遗物 600 魔晴石、蚕丝、碎绫 10 40-60级随机配方 0 －
8 秦陵苦役 0450 会 1 39eb 55 2 武器 15 2 人形 强壮 被动 10000 4523 1000 1500 50 0 0 0 0 20 40 50 0 20 40 50 0 3827 破布衣 600 魔晴石、蚕丝、碎绫 10 40-60级随机配方 0 －
9 秦陵工匠 0451 会 1 － 55 2 武器 15 2 人形 强壮 主动 10000 4252 1000 1500 50 0 0 0 0 20 40 50 0 20 40 50 0 4098 破布衣 600 魔晴石、蚕丝、碎绫 10 40-60级随机配方 0 －
10 秦陵监工 0052 会 1 － 63 2 武器 15 2 人形 强壮 主动 10000 4870 1000 1500 50 0 0 0 0 20 40 50 0 20 40 50 0 3480 刀柄 600 魔晴石、蚕丝、碎绫 10 40-60级随机配方 0 －
11 机关人 0751 不会 1 7a6e 65 2 暗器 20 2 无 强壮 主动 10000 4494 1000 1500 50 0 0 0 0 20 40 50 0 20 40 50 0 3856 闪光的石头 600 魔晴石、蚕丝、碎绫 10 40-60级随机配方 0 －
