#0010 小山鸡 0010 有 1 － 1 2 空手 10000 4322 0 0 0 54 0 324 0 0 0 0 0 0 0 0 0 5200 羽毛、蛋壳 0 － 100 荧光石 0 －
#0011 Thỏ Hoang 0011 有 1 － 1 2 空手 10000 4323 0 0 0 54 0 324 0 0 0 0 0 0 0 0 0 5199 兔眼石 0 － 100 荧光石 0 －
#0012 稻草人 0012 有 0 － 1 2 空手 10000 4722 0 0 0 0 0 378 0 0 0 0 0 0 0 0 0 4800 稻草 0 － 100 荧光石 0 －
#0020 小蜜蜂 0150 － 1 fac1 2 2 空手 10000 3840 0 0 0 144 0 216 0 0 0 0 0 0 0 0 0 5200 蜂翼 500 蜂蜜 100 荧光石 0 －
#0021 小蚂蚁 0151 － 1 323a 2 2 空手 10000 4740 0 0 0 0 0 360 0 0 0 0 0 0 0 0 0 4800 蚂蚁卵 0 － 100 荧光石 0 －
#0030 斑点蛙 0304 － 1 29a5 3 2 空手 10000 4100 0 0 0 0 0 360 0 0 0 0 0 0 0 0 0 5440 粘液、小蝌蚪 0 － 100 荧光石 0 －
#0050 持扇草人 0012 － 0 39f4 5 2 空手 10000 4921 0 0 0 0 0 342 0 0 0 0 0 0 0 0 0 4637 稻草、千年草藤 0 － 100 荧光石 0 －
#0060 赤褐蚁 0151 － 1 － 6 2 空手 10000 4918 0 0 0 0 0 342 0 0 0 0 0 0 0 0 0 4640 蚂蚁卵、蚂蚁触角 0 － 100 荧光石 0 －
#0070 子母蛙 0304 － 1 29c6 7 2 空手 10000 4412 0 0 0 126 0 306 0 0 0 0 0 0 0 0 0 5056 粘液、小蝌蚪、稻草 0 － 100 荧光石 0 －
#0110 楚军刀兵 0050 － 1 － 11 2 空手 10000 4648 250 90 20 171 10 171 10 0 0 0 0 0 0 0 0 4160 破损的头盔、破损的盔甲 500 碎麻布、行军散 100 荧光石 0 －
#0111 楚军剑兵 0051 － 1 － 11 2 空手 10000 4655 250 90 20 171 10 171 10 0 0 0 0 0 0 0 0 4153 破损的头盔、破损的盔甲 500 碎麻布 100 荧光石 0 －
#0112 斑点狗 0101 － 1 5228 11 3 空手 10000 4018 0 0 0 342 10 0 0 0 0 0 0 0 0 0 0 5040 狗尾巴 500 动物皮毛、狗肺 100 荧光石 0 －
#0113 四脚蛇 0102 － 1 － 11 3 空手 10000 4418 0 0 0 0 0 342 10 0 0 0 0 0 0 0 0 4640 蛇之冠 500 桔子 100 荧光石 0 －
#0114 独角仙 0302 － 1 2941 11 3 空手 10000 4518 0 0 0 0 0 342 10 0 0 0 0 0 0 0 0 5040 甲虫翅膀 0 碎麻布 100 荧光石 0 －
#0115 刺尾蜂 0150 － 1 b560 11 3 空手 10000 4418 0 0 0 0 0 342 10 0 0 0 0 0 0 0 0 4640 黄蜂刺、蜂翼 500 蜂蜜 100 荧光石 0 －
#0120 棕熊 0500 － 1 － 12 3 空手 10000 4418 0 0 0 0 0 342 10 0 0 0 0 0 0 0 0 4640 鱼骨 500 蜂蜜、动物皮毛 100 荧光石 0 －
#0121 狒狒 0100 － 1 － 12 3 空手 10000 4426 0 0 0 0 0 342 10 0 0 0 0 0 0 0 0 4632 猴子尾巴 500 桔子、动物皮毛 100 荧光石 0 －
#0122 绿臂螳螂 0152 － 1 － 12 3 空手 10000 4018 0 0 0 180 10 162 10 0 0 0 0 0 0 0 0 5040 螳螂臂、螳螂之翼 500 碎麻布 100 荧光石 0 －
#0160 独眼兽 0101 － 1 28e3 16 3 空手 10000 4436 0 0 0 0 0 324 0 0 0 0 0 0 0 0 0 4640 狗尾巴 500 碎麻布 100 荧光石 0 －
#0170 地痞 0052 － 1 － 17 3 空手 10000 7067 2000 170 80 180 10 153 10 0 0 0 0 0 0 0 0 0 － 500 行军散、碎麻布 100 荧光石 0 －
#0171 打手 0201 － 1 － 17 3 空手 10000 7067 2000 170 80 180 10 153 10 0 0 0 0 0 0 0 0 0 － 500 正气散、碎麻布 100 荧光石 0 －
#0210 鬼火 0901 － 1 － 21 3 空手 10000 4650 0 0 0 0 0 0 0 0 0 0 0 140 20 10 0 4560 火种 500 碎麻布 100 离魄、荧光石 50 离魂
#0211 幽灵 0900 － 1 － 21 3 五雷 10000 4664 0 0 0 0 0 0 0 0 0 0 0 140 20 10 0 4546 珠串 500 碎麻布 100 离魄、荧光石 50 离魂
#0212 飞贼 0202 － 1 － 21 3 暗器 10000 4894 250 150 20 0 0 0 0 71 20 10 0 71 20 10 0 4064 奶嘴、飞行扇 500 碎麻布、行军散 100 离魄、荧光石 50 离魂
#0220 恶老头 0250 － 1 － 22 3 空手 10000 7208 2000 210 90 0 0 0 0 142 20 10 0 0 0 0 0 0 － 500 碎麻布 100 离魄、荧光石 50 离魂
#0221 恶屠 0200 － 1 － 22 3 空手 10000 7208 2000 210 90 0 0 0 0 0 0 0 0 142 20 10 0 0 － 500 行军散、碎麻布 100 离魄、荧光石 50 离魂
#0222 狂徒 0201 － 1 － 22 3 空手 10000 7208 2000 210 90 0 0 0 0 71 20 10 0 71 20 10 0 0 － 500 行军散 100 离魄、荧光石 50 离魂
#0250 巡城小兵 5209 － 1 － 25 3 空手 10000 4956 250 210 40 0 0 0 0 71 20 10 0 67 20 10 0 4006 腰牌 500 碎麻布 100 离魄、荧光石 50 离魂
#0251 斥候 1000 － 1 － 25 3 空手 10000 4972 250 210 40 0 0 0 0 71 20 10 0 67 20 10 0 3990 腰牌 500 碎麻布 100 离魄、荧光石 50 离魂
#0260 土匪 0251 － 1 － 26 3 空手 10000 7212 2000 210 100 0 0 0 0 138 20 10 0 0 0 0 0 0 － 500 行军散、正气散 100 离魄、荧光石 50 离魂
#0261 草寇 0250 － 1 － 26 3 空手 10000 5006 250 210 40 0 0 0 0 137 20 10 0 0 0 0 0 3957 发束、狗皮药膏 500 碎麻布 100 离魄、荧光石 50 离魂
#0270 赵国巡逻兵 0600 － 1 － 27 3 空手 10000 5023 250 220 40 0 0 0 0 62 20 10 0 76 20 10 0 3939 破旧的头盔、破旧的盔甲 500 碎麻布、土之魂 100 离魄、荧光石 50 离魂
#0271 燕国巡逻兵 0552 － 1 － 27 3 空手 10000 5040 250 220 40 0 0 0 0 62 20 10 0 76 20 10 0 3922 破旧的头盔、破旧的盔甲 500 碎麻布 100 离魄、荧光石 50 离魂
#0272 马贼 8012 － 1 － 27 3 空手 10000 7207 2000 220 100 0 0 0 0 76 20 10 0 67 20 10 0 0 － 500 碎麻布 100 离魄、荧光石 50 离魂
#0273 秦国守军 0651 － 1 － 27 3 空手 10000 5069 250 220 40 0 0 0 0 76 20 10 0 67 20 10 0 3888 破旧的头盔、破旧的盔甲 500 碎麻布 100 离魄、荧光石 50 离魂
#0274 秦弓箭手 0652 － 1 － 27 3 暗器 10000 5088 250 220 40 0 0 0 0 71 20 10 0 71 20 10 0 3870 破旧的头盔、破旧的盔甲 500 碎麻布、正气散 100 离魄、荧光石 50 离魂
#0280 鬼魅 0901 － 1 6820 28 3 空手 10000 4616 0 0 0 0 0 0 0 71 20 10 0 71 20 10 0 4592 火种 500 碎麻布、正气散、石炭 100 离魄、荧光石 50 离魂
#0281 骷髅兵 0801 － 1 7206 28 3 空手 10000 5110 250 220 40 0 0 0 0 150 20 10 0 0 0 0 0 3840 骸骨碎片 500 碎麻布 100 离魄、荧光石 50 离魂
#0310 褐尾蝎 0300 － 1 － 31 3 空手 10000 4488 0 0 0 0 0 0 0 150 20 10 0 0 0 0 0 4712 蝎尾 500 玉米、砒霜 100 离魄、魔睛石 50 离魂
#0311 蛛蛛怪 0301 － 1 － 31 3 空手 10000 4508 0 0 0 0 0 0 0 150 20 10 0 0 0 0 0 4692 蜘蛛丝 500 玉米 100 离魄、魔睛石 50 离魂
#0312 毒刺蜂 0150 － 1 e1c2 31 3 空手 10000 4528 0 0 0 0 0 0 0 150 20 10 0 0 0 0 0 4672 剧毒刺、蜂翼 500 玉米、蜂蜜 100 离魄、魔睛石 50 离魂
#0320 牛头怪 0303 － 1 － 32 3 空手 10000 5110 250 300 60 0 0 0 0 150 30 20 0 0 0 0 0 3840 牛筋、鼻环 500 牛皮、活络丸 100 离魄、魔睛石 50 离魂
#0321 狼妖 0350 － 1 － 32 3 空手 10000 7192 2000 300 140 0 0 0 0 79 30 20 0 79 30 20 0 0 － 500 蚕丝、动物皮毛、狼心 100 离魄、魔睛石 50 离魂
#0322 猪妖 0351 － 1 － 32 3 空手 10000 7220 2000 300 140 0 0 0 0 65 30 20 0 65 30 20 0 0 － 500 玉米、苹果、梨 100 离魄、魔睛石 50 离魂
#0323 豺狗 0352 － 1 － 32 3 空手 10000 7195 2000 300 140 0 0 0 0 155 30 20 0 0 0 0 0 0 － 500 蚕丝、动物皮毛 100 离魄、魔睛石 50 离魂
#0360 水贼 8010 － 1 － 36 3 空手 10000 4344 250 300 80 0 0 0 0 83 30 20 0 65 30 20 0 4608 水贼头巾 500 玉米、蚕丝 100 离魄、魔睛石 50 离魂
#0361 癞蛤蟆 0304 － 1 396a 36 3 空手 10000 4564 0 0 0 0 0 0 0 0 0 0 0 146 30 0 0 4640 蛙蹼 500 玉米、安神丸 100 离魄、魔睛石 50 离魂
#0362 黑熊 0500 － 1 248 36 3 空手 10000 4587 0 0 0 0 0 0 0 0 0 0 0 146 30 0 0 4617 闪光的石头 500 熊皮、动物皮毛、蜂蜜、熊掌 100 离魄、魔睛石 50 离魂
#0363 赤炎蛇 0102 － 1 2a05 36 3 空手 10000 4924 0 0 0 0 0 0 0 0 0 0 0 146 30 0 0 4280 蜥蜴尾巴 500 玉米、苹果、蛇皮 100 离魄、魔睛石 50 离魂
#0364 螳螂妖 0152 － 1 69a9 36 3 空手 10000 4951 0 0 0 0 0 0 0 142 30 20 0 0 0 0 0 4257 螳螂臂、绿色小石头 500 玉米、梨 100 离魄、魔睛石 50 离魂
#0410 虾兵 0400 － 1 － 41 3 空手 10000 5214 250 300 80 0 0 0 0 63 30 40 0 63 30 40 0 3760 大钳子 500 碎绫、玉米 100 离魄、魔睛石 50 离魂
#0411 蟹将 0401 － 1 － 41 3 空手 10000 5244 250 300 80 0 0 0 0 70 30 40 0 52 30 40 0 3734 大钳子 500 碎绫、鸡蛋 100 离魄、魔睛石 50 离魂
#0460 壮丁 0450 － 1 － 46 3 空手 10000 5274 250 300 50 0 0 0 0 70 30 40 0 52 30 40 0 3704 破布衣 500 蚕丝、碎绫、石炭、蛇皮 100 离魄、魔睛石 50 离魂
#0461 苦役 0451 － 1 － 46 3 空手 10000 5297 250 300 50 0 0 0 0 65 30 40 0 63 30 40 0 3675 破布衣 500 碎绫、玉米、鸡蛋、蛇皮 100 离魄、魔睛石 50 离魂
#0462 劳役 0452 － 1 － 46 3 暗器 10000 5330 250 300 50 0 0 0 0 63 30 40 0 61 30 40 0 3646 破布衣 500 蚕丝、碎绫、玉米、鸡蛋、蛇皮 100 离魄、魔睛石 50 离魂
#0510 绿壳蜘蛛 0301 － 1 220 51 3 暗器 10000 4993 0 0 0 0 0 0 0 0 0 0 0 117 30 40 50 4240 蜘蛛丝、蛛网 500 安神丸、香蕉、萤光石 100 离魄、魔睛石 50 离魂
#0511 大笨熊 0500 － 1 － 51 3 空手 10000 5002 0 0 0 0 0 0 0 0 0 0 0 137 30 40 50 4211 鱼骨、红色小石头 500 熊皮、动物皮毛、蜂蜜、熊掌 100 离魄、魔睛石 50 离魂
#0512 魍魉 0901 － 1 1001 51 3 五雷 10000 5030 0 0 0 0 0 0 0 0 0 0 0 137 30 40 50 4183 死者遗物 500 蚕丝、碎绫、安神丸 100 离魄、魔睛石 50 离魂
#0513 花豹精 0502 － 1 － 51 3 空手 10000 7424 1800 450 180 0 0 0 0 70 30 40 50 56 30 40 50 0 － 500 蚕丝、碎绫、活络丸 100 离魄、魔睛石 50 离魂
#0514 豺狼 0350 － 1 － 51 3 空手 10000 7406 1800 450 180 0 0 0 0 56 30 40 50 88 30 40 50 0 － 500 蚕丝、碎绫、狼心、活络丸 100 离魄、魔睛石 50 离魂
#0560 燕国刀盾兵 0550 － 1 － 56 3 空手 10000 5395 200 450 90 0 0 0 0 56 30 40 50 61 30 40 50 3638 帽缨、破旧的头盔、破旧的盔甲 500 蚕丝、碎绫、蚕丝、桃子、蛇皮 100 离魄、魔睛石 50 离魂
#0561 燕国剑盾兵 0551 － 1 － 56 3 五雷 10000 5364 250 450 90 0 0 0 0 65 30 40 50 56 30 40 50 3615 帽缨、破旧的头盔、破旧的盔甲 500 蚕丝、碎绫、玉米、鸡蛋、蛇皮 100 离魄、魔睛石 50 离魂
#0562 燕国枪兵 0552 － 1 － 56 3 空手 10000 5390 250 450 90 0 0 0 0 65 30 40 50 52 30 40 50 3593 帽缨、破旧的头盔、破旧的盔甲 500 蚕丝、碎绫、香蕉、玉米、鸡蛋 100 离魄、魔睛石 50 离魂
#0620 赵国刀盾兵 0600 － 1 － 62 3 空手 10000 5414 250 460 80 0 0 0 0 65 40 50 60 53 40 50 60 3568 刀柄 500 碎绫、苹果、玉米、蛇皮 100 离魄、魔睛石 50 离魂
#0621 赵国剑盾兵 0601 － 1 － 62 3 空手 10000 5440 250 460 80 0 0 0 0 70 40 50 60 47 40 50 60 3543 剑鞘 500 碎绫、南瓜、玉米、蛇皮 100 离魄、魔睛石 50 离魂
#0622 赵国弓兵 0602 － 1 － 62 3 暗器 10000 5478 250 460 80 0 0 0 0 52 40 50 60 52 40 50 60 3518 箭筒 500 碎纱、南瓜、玉米、鸡蛋 100 离魄、魔睛石 50 离魂
#0660 秦国刀盾兵 0650 － 1 － 66 3 空手 10000 5500 250 460 60 0 0 0 0 52 40 50 60 56 40 50 60 3492 刀柄 500 碎纱、碎绫、狼皮、鸡蛋 100 元魄、摄魂石 50 元魂
#0661 秦国枪兵 0651 － 1 － 66 3 空手 10000 5521 250 460 60 0 0 0 0 61 40 50 60 52 40 50 60 3466 枪头 500 碎纱、南瓜、狼皮、鸡蛋 100 元魄、摄魂石 50 元魂
#0662 秦国弓兵 0652 － 1 － 66 3 暗器 10000 5553 250 460 60 0 0 0 0 61 40 50 60 47 40 50 60 3439 箭筒 500 碎纱、碎绫、狼皮 100 元魄、摄魂石 50 元魂
#0720 劫匪 1000 － 1 － 72 3 空手 10000 7446 1800 600 260 0 0 0 0 43 50 60 70 61 50 60 70 0 － 500 碎绫、碎纱、南瓜、狼皮 100 元魄、摄魂石 50 元魂
#0721 密探 1001 － 1 － 72 3 暗器 10000 7455 1800 600 260 0 0 0 0 43 50 60 70 52 50 60 70 0 － 500 碎绫、碎纱、南瓜、活络丸 100 元魄、摄魂石 50 元魂
#0722 水鬼 8010 － 1 － 72 3 空手 10000 5652 250 600 100 0 0 0 0 52 50 60 70 43 50 60 70 3353 鱼叉 500 碎绫、碎纱、南瓜、狼皮 100 元魄、摄魂石 50 元魂
#0760 罐中妖 0702 － 1 － 76 3 五雷 10000 5659 250 600 160 0 0 0 0 0 0 0 0 119 50 60 70 3322 铜罐 500 碎纱、龙骨、安神丸、萤光石、番红花 100 元魄、摄魂石 50 元魂
#0761 豆兵 4135 － 1 － 76 3 空手 10000 8042 1200 600 260 0 0 0 0 65 50 60 70 43 50 60 70 0 － 500 碎纱、南瓜、黄豆、活络丸、番红花 100 元魄、摄魂石 50 元魂
#0770 冤魂 0752 － 1 416d 77 3 空手 10000 5728 250 600 160 0 0 0 0 0 0 0 0 110 50 60 70 3262 死者遗物、腐骨 500 碎锦、碎纱、安神丸、番红花 100 元魄、摄魂石 50 元魂
#0771 魍魉鬼 0901 － 1 1e0 77 3 五雷 10000 5759 250 600 170 0 0 0 0 0 0 0 0 110 50 60 70 3231 死者遗物、黄色小石头 500 桔子、南瓜、番红花 100 元魄、摄魂石 50 元魂
#0780 疫鬼 0902 － 1 － 78 3 空手 10000 5814 250 600 180 0 0 0 0 43 50 60 70 43 50 60 70 3200 死者遗物、腐骨 500 碎纱、龙骨、狼皮、番红花 100 元魄、摄魂石 50 元魂
#0781 恶灵 0900 － 1 9409 78 3 五雷 10000 5845 250 600 180 0 0 0 0 43 50 60 70 43 50 60 70 3169 死者遗物、腐骨 500 碎锦、碎纱、南瓜、番红花 100 元魄、摄魂石 50 元魂
#0810 铜甲尸 0751 － 1 － 81 4 空手 10000 5929 250 600 250 0 0 0 0 34 60 70 80 34 60 70 80 3103 死者遗物、铜骸 500 碎锦、碎纱、蓝魔之泪、番红花 100 元魄、摄魂石 50 元魂
#0811 侍卫亡灵 4131 － 1 a145 81 4 暗器 10000 6104 250 600 250 0 0 0 0 29 60 70 80 29 60 70 80 2938 死者遗物、七色串珠 500 碎锦、南瓜、狼皮、番红花 100 元魄、摄魂石 50 元魂
#0820 铁甲尸 0750 － 1 － 82 4 空手 10000 5901 250 650 250 0 0 0 0 34 60 70 80 29 60 70 80 3136 死者遗物、铁骸 500 龙骨、蓝魔之泪、狼皮、番红花 100 元魄、摄魂石 50 元魂
#0830 刀盾骷髅 0800 － 1 － 83 4 空手 10000 6004 250 640 250 0 0 0 0 30 60 70 80 29 60 70 80 3037 骨盾、骷髅头、桃木钉 500 碎纱、南瓜、龙骨、番红花 100 元魄、摄魂石 50 元魂
#0831 剑盾骷髅 0801 － 1 － 83 4 五雷 10000 6038 250 640 250 0 0 0 0 34 60 70 80 25 60 70 80 3003 骨盾、骷髅头、桃木钉 500 碎纱、南瓜、高粱、碎锦、番红花 100 元魄、摄魂石 50 元魂
#0832 双刀骷髅 0802 － 1 － 83 4 空手 10000 6076 250 640 250 0 0 0 0 34 60 70 80 20 60 70 80 2970 骷髅头、桃木钉 500 碎纱、南瓜、高粱、碎锦、番红花 100 元魄、摄魂石 50 元魂
#0840 僵尸 4134 － 1 － 84 4 空手 10000 5962 250 650 250 0 0 0 0 34 60 70 80 34 60 70 80 3070 死者遗物、僵尸冠 500 龙骨、南瓜、高粱、僵尸符、番红花 100 元魄、摄魂石 50 元魂
#0850 石狮 0700 － 1 － 85 4 空手 10000 6382 0 0 0 0 0 0 0 0 0 0 0 64 60 70 80 2904 碎玉 500 碎纱、南瓜、高粱、龙骨、牛皮 100 元魄、摄魂石 50 元魂
#0851 石虎 0701 － 1 － 85 4 空手 10000 6416 0 0 0 0 0 0 0 0 0 0 0 64 60 70 80 2870 碎玉 500 碎纱、南瓜、高粱、碎锦、牛皮 100 元魄、摄魂石 50 元魂
#0860 刀俑 0850 － 1 － 86 4 空手 10000 6475 0 0 0 0 0 0 0 20 60 70 80 20 60 70 80 2835 陶俑之首、陶俑之臂 500 碎锦、南瓜、高粱、碎纱、番红花 100 元魄、摄魂石 50 元魂
#0870 弓箭石俑 0853 － 1 － 87 4 暗器 10000 6509 0 0 0 0 0 0 0 20 60 70 80 20 60 70 80 2801 陶俑之首、陶俑之臂 500 碎锦、碎纱、南瓜、高粱、碎纱、龙骨 100 元魄、摄魂石 50 元魂
#0880 枪俑 0852 － 1 － 88 4 空手 10000 6544 0 0 0 0 0 0 0 20 60 70 80 20 60 70 80 2766 陶俑之首、陶俑之臂 500 碎锦、南瓜、高粱、龙骨、牛皮 100 元魄、摄魂石 50 元魂
#0890 剑佣 0851 － 1 － 89 4 空手 10000 6580 0 0 0 0 0 0 0 20 60 70 80 20 60 70 80 2730 陶俑之首、陶俑之臂 500 碎锦、南瓜、高粱、龙骨、牛皮 100 元魄、摄魂石 50 元魂
#0910 骷髅妖 0800 － 1 6225 91 4 空手 10000 6372 250 760 320 0 0 0 0 17 70 80 90 17 70 80 90 2694 腐骨、骷髅头、骸骨碎片 500 碎锦、高粱、龙骨、鱼、牛皮 100 元魄、蓝魔之泪 50 元魂
#0911 骸骨精 0801 － 1 6225 91 4 暗器 10000 6409 250 760 320 0 0 0 0 17 70 80 90 17 70 80 90 2657 腐骨、骷髅头、骸骨碎片 500 碎锦、鱼、辟毒散、龙骨、牛皮 100 元魄、蓝魔之泪 50 元魂
#0912 邪灵 0900 － 1 644b 91 4 五雷 10000 6445 250 760 320 0 0 0 0 17 70 80 90 17 70 80 90 2621 死者遗物、锁魔链 500 碎锦、辟毒散、鱼、牛皮、龙骨 100 元魄、蓝魔之泪 50 元魂
#0920 尸魔 0751 － 1 61c0 92 4 空手 10000 6482 250 760 330 0 0 0 0 17 70 80 90 17 70 80 90 2584 死者遗物、锁魔链、甲胄 500 碎锦、辟毒散、熊皮、龙骨 100 元魄、蓝魔之泪 50 元魂
#0930 怨灵 0752 － 1 4232 93 4 空手 10000 6520 250 760 340 0 0 0 0 17 70 80 90 17 70 80 90 2546 死者遗物、腐骨、锁魔链 500 碎锦、辟毒散、清心丹、鱼、龙骨 100 元魄、蓝魔之泪 50 元魂
#0960 金精 0950 － 1 － 96 4 暗器 10000 6564 250 760 310 0 0 0 0 14 70 80 90 14 70 80 90 2508 小太极 500 碎锦、金之魂、龙骨、鱼 100 元魄、蓝魔之泪 50 元魂
#0961 木精 0951 － 1 － 96 4 空手 10000 6852 0 0 0 0 0 0 0 14 70 80 90 14 70 80 90 2470 小太极 500 碎锦、木之魂、鱼、龙骨 100 元魄、蓝魔之泪 50 元魂
#0962 水精 0952 － 1 － 96 4 空手 10000 6891 0 0 0 0 0 0 0 14 70 80 90 14 70 80 90 2431 小太极 500 碎锦、鱼、高粱、辟毒散、水之魂 100 元魄、蓝魔之泪 50 元魂
#0963 火精 0953 － 1 － 96 4 五雷 10000 6929 0 0 0 0 0 0 0 14 70 80 90 14 70 80 90 2393 小太极 500 碎锦、火之魂、砒霜、熊皮、龙骨 100 元魄、蓝魔之泪 50 元魂
#0964 土精 0954 － 1 － 96 4 空手 10000 6968 0 0 0 0 0 0 0 14 70 80 90 14 70 80 90 2354 小太极 500 碎锦、土之魂、熊皮、龙骨 100 元魄、蓝魔之泪 50 元魂
#1020 罐中仙 0702 － 1 － 102 4 空手 10000 6762 250 810 240 0 0 0 0 12 80 90 100 12 80 90 100 2314 玉盖 500 救急丹、活心丹、萤光粉、龙骨 100 元魄、蓝魔之泪 50 元魂
#1040 龟仙人 0402 － 1 － 104 4 五雷 10000 6804 250 810 240 0 0 0 0 12 80 90 100 12 80 90 100 2272 龟壳、长寿石 500 碎锦、龙骨、熊皮 100 元魄、蓝魔之泪 50 元魂
#1060 天罡门众守 1050 － 1 － 106 4 空手 10000 9076 250 810 380 0 0 0 0 12 80 90 100 12 80 90 100 0 － 500 碎锦、鱼、高粱、辟毒散、龙骨 100 元魄、蓝魔之泪 50 元魂
#1061 守阵天兵 4132 － 1 － 106 4 暗器 10000 6975 250 810 240 0 0 0 0 12 80 90 100 12 80 90 100 2101 玉束髻 500 碎锦、鱼、高粱、熊皮、龙骨 100 元魄、蓝魔之泪 50 元魂
#1062 守阵神将 4133 － 1 － 106 4 五雷 10000 7018 250 810 240 0 0 0 0 12 80 90 100 12 80 90 100 2058 火凤之翼 500 碎锦、清心丹、救急丹、龙骨 100 元魄、蓝魔之泪 50 元魂
#1070 地煞门众守 1051 － 1 － 107 4 空手 10000 8626 700 800 380 0 0 0 0 12 80 90 100 12 80 90 100 0 － 500 碎锦、鱼、高粱、清心丹、萤光粉 100 元魄、蓝魔之泪 50 元魂
#1080 太极门众守 1052 － 1 － 108 4 空手 10000 6933 250 800 240 0 0 0 0 12 80 90 100 12 80 90 100 2143 拂尘 500 碎锦、救急丹、活心丹、清心丹 100 元魄、蓝魔之泪 50 元魂
#1120 刀魂 1100 － 1 － 112 4 空手 10000 7322 0 800 300 0 0 0 0 7 90 100 110 7 90 100 110 2014 寒铁刀柄 500 碎锦、鱼、高粱、熊皮、龙骨 100 元魄、蓝魔之泪 50 元魂
#1121 剑魂 1101 － 1 － 112 4 五雷 10000 7367 0 800 300 0 0 0 0 7 90 100 110 7 90 100 110 1969 寒铁剑鞘 500 碎锦、清心丹、熊皮、龙骨 100 元魄、蓝魔之泪 50 元魂
#1122 枪魂 1102 － 1 － 112 4 暗器 10000 7412 0 800 300 0 0 0 0 7 90 100 110 7 90 100 110 1924 寒铁枪头 500 碎锦、清心丹、熊皮、龙骨 100 元魄、蓝魔之泪 50 元魂
#0450 弩兵 9969 － 1 － 45 5 五雷 10000 4948 250 300 50 0 0 0 0 120 30 40 0 78 30 40 0 3704 破布衣 750 蚕丝、碎绫、石炭、蛇皮 100 离魄、魔睛石 50 离魂
#0451 拳法师 9967 － 1 － 45 5 空手 10000 4961 250 300 50 0 0 0 0 120 30 40 0 95 30 40 0 3675 破布衣 750 碎绫、玉米、鸡蛋、蛇皮 100 离魄、魔睛石 50 离魂
#0452 棍师 9960 － 1 － 45 5 武器 10000 4993 250 300 50 0 0 0 0 120 30 40 0 92 30 40 0 3646 破布衣 750 蚕丝、碎绫、玉米、鸡蛋、蛇皮 100 离魄、魔睛石 50 离魂
#0500 火葫芦 9962 － 1 － 50 5 空手 10000 4592 0 0 0 0 0 0 0 120 30 40 0 206 30 40 50 4183 死者遗物 750 蚕丝、碎绫、安神丸 100 离魄、魔睛石 50 离魂
#0501 铁胖 9963 － 1 － 50 5 空手 10000 7104 1800 450 180 0 0 0 0 113 30 40 50 84 30 40 50 0 － 750 蚕丝、碎绫、活络丸 100 离魄、魔睛石 50 离魂
#0502 飞镖客 9965 － 1 － 50 5 五雷 10000 7056 1800 450 180 0 0 0 0 113 30 40 50 132 30 40 50 0 － 750 蚕丝、碎绫、狼心、活络丸 100 离魄、魔睛石 50 离魂
#0551 东胡骑兵 8013 － 1 － 55 5 武器 10000 5034 250 450 90 0 0 0 0 146 30 40 50 78 30 40 50 3593 帽缨、破旧的头盔、破旧的盔甲 750 蚕丝、碎绫、香蕉、玉米、鸡蛋 100 离魄、魔睛石 50 离魂
#0601 匈奴骑兵 8012 － 1 － 60 5 武器 10000 5196 250 460 60 0 0 0 0 78 40 50 60 84 40 50 60 3492 刀柄 750 碎纱、碎绫、狼皮、鸡蛋 100 元魄、摄魂石 50 元魂
#0650 逃囚 8000 － 1 － 65 5 空手 10000 7144 1800 600 260 0 0 0 0 65 50 60 70 92 50 60 70 0 － 750 碎绫、碎纱、南瓜、狼皮 100 元魄、摄魂石 50 元魂
#0651 铁锤王 8011 － 1 － 65 5 武器 10000 7158 1800 600 260 0 0 0 0 65 50 60 70 78 50 60 70 0 － 750 碎绫、碎纱、南瓜、活络丸 100 元魄、摄魂石 50 元魂
#0652 邪道士 9968 － 1 － 65 5 五雷 10000 7144 1800 600 260 0 0 0 0 65 50 60 70 92 50 60 70 0 － 750 碎绫、碎纱、南瓜、狼皮 100 元魄、摄魂石 50 元魂
#0700 花面斧 9970 － 1 － 70 5 武器 10000 7738 1200 600 260 0 0 0 0 98 50 60 70 65 50 60 70 0 － 750 碎纱、南瓜、黄豆、活络丸、番红花 100 元魄、摄魂石 50 元魂
#0701 黄袍妖道 9961 － 1 － 70 5 五雷 10000 8588 250 600 160 0 0 0 0 98 50 60 70 165 50 60 70 0 － 750 碎锦、碎纱、安神丸、番红花 100 元魄、摄魂石 50 元魂
#0750 绿剑郎君 9964 － 1 － 75 5 五雷 10000 8721 250 600 180 0 0 0 0 65 50 60 70 65 50 60 70 0 － 750 碎锦、碎纱、南瓜、番红花 100 元魄、摄魂石 50 元魂
#0751 关刀客 9966 － 1 － 75 5 武器 10000 8748 250 600 250 0 0 0 0 51 60 70 80 51 60 70 80 0 － 750 碎锦、碎纱、蓝魔之泪、番红花 100 元魄、摄魂石 50 元魂
#0800 雷葫芦 9962 － 1 － 80 5 五雷 10000 8762 250 640 250 0 0 0 0 45 60 70 80 44 60 70 80 0 － 750 碎纱、南瓜、龙骨、番红花 100 元魄、摄魂石 50 元魂
#0801 蒙面拳盗 9967 － 1 － 80 5 空手 10000 8762 250 640 250 0 0 0 0 51 60 70 80 38 60 70 80 0 － 750 碎纱、南瓜、高粱、碎锦、番红花 100 元魄、摄魂石 50 元魂
#0852 伏路贼 9965 － 1 － 85 5 五雷 10000 8953 0 0 0 0 0 0 0 51 60 70 80 96 60 70 80 0 － 750 碎纱、南瓜、高粱、龙骨、牛皮 100 元魄、摄魂石 50 元魂
#0853 铁辫王 9963 － 1 － 85 5 空手 10000 8953 0 0 0 0 0 0 0 51 60 70 80 96 60 70 80 0 － 750 碎纱、南瓜、高粱、碎锦、牛皮 100 元魄、摄魂石 50 元魂
#0900 阴阳剑 9964 － 1 － 90 5 五雷 10000 9040 0 0 0 0 0 0 0 30 70 80 90 30 70 80 90 0 － 750 碎锦、南瓜、高粱、龙骨、牛皮 100 元魄、摄魂石 50 元魂
#0901 水火棍 9960 － 1 － 90 5 武器 10000 9040 0 0 0 0 0 0 0 30 70 80 90 30 70 80 90 0 － 750 碎锦、南瓜、高粱、龙骨、牛皮 100 元魄、摄魂石 50 元魂
#0950 风雷剑 9961 － 1 － 95 5 五雷 10000 8799 250 760 320 0 0 0 0 26 70 80 90 26 70 80 90 0 － 750 碎锦、辟毒散、鱼、牛皮、龙骨 100 元魄、蓝魔之泪 50 元魂
#0951 死囚 8000 － 1 － 95 5 空手 10000 8799 250 760 330 0 0 0 0 26 70 80 90 26 70 80 90 0 － 750 碎锦、辟毒散、熊皮、龙骨 100 元魄、蓝魔之泪 50 元魂
#1001 暗杀弩 9969 － 1 － 100 5 五雷 10000 9058 0 0 0 0 0 0 0 21 80 90 100 21 80 90 100 0 － 750 碎锦、木之魂、鱼、龙骨 100 元魄、蓝魔之泪 50 元魂
#1002 双斧妖 9970 － 1 － 100 5 武器 10000 9058 0 0 0 0 0 0 0 21 80 90 100 21 80 90 100 0 － 750 碎锦、鱼、高粱、辟毒散、水之魂 100 元魄、蓝魔之泪 50 元魂
#1050 判命道士 9968 － 1 － 105 5 五雷 10000 8814 250 810 240 0 0 0 0 18 80 90 100 18 80 90 100 0 － 750 萤光粉、龙骨 100 元魄、蓝魔之泪 50 元魂
#1051 狂战锤 8011 － 1 － 105 5 武器 10000 8814 250 810 240 0 0 0 0 18 80 90 100 18 80 90 100 0 － 750 碎锦、龙骨、熊皮 100 元魄、蓝魔之泪 50 元魂
#1100 霸刀将军 9966 － 1 － 110 5 武器 10000 8814 250 810 240 0 0 0 0 18 90 100 110 18 90 100 110 0 － 750 碎锦、龙骨 100 元魄、蓝魔之泪 50 元魂
#1101 飞云将军 4143 － 1 － 110 5 五雷 10000 8364 700 800 380 0 0 0 0 18 90 100 110 18 90 100 110 0 － 750 碎锦、鱼、高粱、萤光粉 100 元魄、蓝魔之泪 50 元魂
0552 东海龙虾 1231 － 1 － 55 5 空手 10000 8510 300 300 50 0 0 0 0 130 55 60 65 160 55 60 65 0 － 750 碎绫、碎纱、南瓜、狼皮 100 元魄、摄魂石 50 元魂
0553 大闸蟹 1232 － 1 － 55 5 空手 10000 8510 300 300 50 0 0 0 0 130 55 60 65 160 55 60 65 0 － 750 碎绫、碎纱、南瓜、活络丸 100 元魄、摄魂石 50 元魂
0602 地狱猎豹 1239 － 1 － 60 5 空手 10000 8510 300 300 50 0 0 0 0 130 60 65 70 160 60 65 70 0 － 750 碎纱、南瓜、黄豆、活络丸、番红花 100 元魄、摄魂石 50 元魂
0653 天外幻猪 1229 － 1 － 65 5 空手 10000 8510 300 0 0 0 0 0 0 130 65 70 70 160 65 70 70 0 － 750 碎锦、碎纱、南瓜、番红花 100 元魄、摄魂石 50 元魂
0654 天外幻熊 1237 － 1 － 65 5 空手 10000 8510 300 450 180 0 0 0 0 130 65 70 70 160 65 70 70 0 － 750 碎锦、碎纱、蓝魔之泪、番红花 100 元魄、摄魂石 50 元魂
0702 巨型螳螂妖 1212 － 1 － 70 5 空手 10000 8510 300 450 180 0 0 0 0 130 70 70 80 160 70 70 80 0 － 750 碎纱、南瓜、龙骨、番红花 100 元魄、摄魂石 50 元魂
0752 幻境守卫 1213 － 1 － 75 5 武器 10000 8510 300 450 90 0 0 0 0 130 70 70 80 160 70 70 80 0 － 750 碎纱、南瓜、高粱、龙骨、牛皮 100 元魄、摄魂石 50 元魂
0802 地狱罐妖 1253 － 1 － 80 5 空手 10000 8510 300 450 90 0 0 0 0 130 80 80 90 160 80 80 90 0 － 750 碎锦、南瓜、高粱、龙骨、牛皮 100 元魄、摄魂石 50 元魂
0854 黄金狮 1251 － 1 － 85 5 空手 10000 8510 300 460 80 0 0 0 0 130 80 80 90 160 80 80 90 0 － 750 碎锦、辟毒散、鱼、牛皮、龙骨 100 元魄、蓝魔之泪 50 元魂、金锭
0855 赤金魔虎 1252 － 1 － 85 5 空手 10000 8510 300 460 60 0 0 0 0 130 80 80 90 160 80 80 90 0 － 750 碎锦、辟毒散、熊皮、龙骨 100 元魄、蓝魔之泪 50 元魂、金锭
0903 绿荧鬼 1268 － 1 － 90 5 空手 10000 8510 300 600 260 0 0 0 0 130 90 90 100 160 90 90 100 0 － 750 碎锦、木之魂、鱼、龙骨、萤光粉 100 元魄、蓝魔之泪 50 元魂
0952 镇天石俑 1262 － 1 － 95 5 武器 10000 8510 300 600 260 0 0 0 0 130 90 90 100 160 90 90 100 0 － 750 萤光粉、龙骨 100 元魄、蓝魔之泪 50 元魂
































































 