#0061 山鸡王 0010 1 41a7 6 25 6 4 空手 10000 2548 0 0 0 0 0 1890 0 0 0 0 0 0 0 0 0 4960 羽毛、蛋壳 600 绒球 2 － 0 －
#0062 兔子王 0011 1 51a5 6 25 6 4 空手 10000 2548 0 0 0 0 0 1890 0 0 0 0 0 0 0 0 0 4960 兔眼石 600 绒球 2 － 0 －
#0063 稻田守卫 0012 0 － 0 25 6 4 空手 10000 2548 0 0 0 0 0 1890 0 0 0 0 0 0 0 0 0 4960 千年草藤、稻草 600 正气散 2 － 0 －
#0140 兵蚁 0151 1 329c 6 25 6 4 空手 10000 2548 0 0 0 0 0 1890 0 0 0 0 0 0 0 0 0 4960 蚂蚁卵、蚂蚁触角 600 正气散 2 － 0 －
#0141 蛙妖 0304 1 8208 6 25 6 4 空手 10000 2548 0 0 0 0 0 1890 0 0 0 0 0 0 0 0 0 4960 粘液、小蝌蚪 600 正气散 2 － 0 －
#0161 楚国精兵 0050 1 － 6 20 16 4 空手 10000 2547 240 160 40 945 10 945 10 0 0 0 0 0 0 0 0 4720 破损的头盔、破损的盔甲 600 米酒、行军散、碎麻布 3 随机技能进阶书 0 －
#0162 楚国精兵 0051 1 － 6 20 16 4 空手 10000 2547 240 160 40 1147 10 743 10 0 0 0 0 0 0 0 0 4720 破损的头盔、破损的盔甲 600 米酒、行军散、碎麻布 3 随机技能进阶书 0 －
#0163 黑熊 0500 1 1c7 6 20 16 4 空手 10000 2534 0 0 0 0 0 1823 10 0 0 0 0 0 0 0 0 5040 鱼骨 600 蜂蜜、熊掌、动物皮毛、绒球 3 熊皮 0 －
#0164 猩猩王 0100 1 1a6 6 20 16 4 空手 10000 2575 0 0 0 945 10 837 10 0 0 0 0 0 0 0 0 5040 猴子尾巴 600 桔子、动物皮毛、绒球 3 － 0 －
#0165 甲虫大将军 0302 1 ac62 6 20 16 4 空手 10000 2534 0 0 0 0 0 1823 10 0 0 0 0 0 0 0 0 5040 甲虫翅膀 600 行军散、碎麻布 3 － 0 －
#0213 恶少 0053 1 － 6 20 21 4 空手 10000 2547 5040 420 40 0 0 0 0 945 20 0 0 864 20 0 0 0 － 600 米酒、行军散、正气散、碎麻布 4 － 0 －
#0262 江洋大盗 0202 1 － 6 20 26 4 空手 10000 2546 4960 520 40 0 0 0 0 945 20 0 0 945 20 0 0 0 － 600 行军散、正气散、蚕丝、碎麻布 4 － 0 －
#0263 冤鬼 0752 1 49af 6 20 26 4 空手 10000 2534 0 0 0 0 0 0 0 945 20 0 0 878 20 0 0 5040 手杖 600 行军散、正气散、蚕丝 3 － 0 －
#0275 恶霸 0251 1 － 6 20 27 4 空手 10000 2546 4960 540 40 0 0 0 0 945 20 0 0 945 20 0 0 0 － 600 米酒、行军散、蚕丝、碎麻布 4 － 0 －
#0300 小队长 5209 1 － 4 20 30 4 空手 10000 2632 640 580 40 0 0 0 0 783 30 20 0 783 30 20 0 4560 腰牌 600 蚕丝、碎麻布 2 随机技能进阶书 0 －
#0330 强盗头目 0252 1 － 4 20 33 4 空手 10000 2686 5200 580 40 0 0 0 0 756 30 20 0 756 30 20 0 0 － 600 行军散、正气散、蚕丝 2 随机技能进阶书 0 －
#0340 马贼首领 8012 1 － 3 20 34 4 空手 10000 2767 5280 680 60 0 0 0 0 675 30 20 0 675 30 20 0 0 － 600 行军散、正气散、蚕丝 3 随机技能进阶书 0 －
#0341 土匪头目 0251 1 － 4 15 34 4 空手 10000 2698 640 680 60 0 0 0 0 824 30 20 0 675 30 20 0 4560 发束 600 行军散、正气散、蚕丝 3 随机技能进阶书 0 －
#0350 灯魂 0901 1 37c0 4 20 35 4 五雷 10000 2766 0 0 0 0 0 0 0 0 0 0 0 1350 30 20 0 5280 灯芯 600 安神丸、魔晴石、蓝魔之泪、石炭 4 － 0 －
#0351 秦先锋步兵 0650 1 － 4 15 35 4 空手 10000 2603 400 700 60 0 0 0 0 797 30 20 0 797 30 20 0 4800 破旧的头盔、破旧的盔甲 600 行军散、正气散、蚕丝 3 随机技能进阶书 0 －
#0352 赵先锋弓兵 0602 1 － 4 15 35 4 暗器 10000 2644 400 700 60 0 0 0 0 824 30 20 0 729 30 20 0 4800 破旧的头盔、破旧的盔甲 600 行军散、正气散、蚕丝 3 随机技能进阶书 0 －
#0353 燕先锋步兵 0551 1 － 4 15 35 4 空手 10000 2643 400 700 60 0 0 0 0 837 30 20 0 797 30 20 0 4720 破旧的头盔、破旧的盔甲 600 行军散、正气散、蚕丝 3 随机技能进阶书 0 －
#0354 毒蝎子 0300 1 4221 6 20 35 4 空手 10000 3577 0 0 0 0 0 0 0 540 30 0 0 0 0 0 0 5360 蝎尾 520 砒霜 3 － 0 －
#0355 毒蜘蛛 0301 1 720d 6 20 35 4 空手 10000 2686 0 0 0 0 0 0 0 0 0 0 0 1431 30 20 0 5360 蜘蛛丝 520 萤光石、绒球 3 － 0 －
#0356 狼妖头目 0350 1 － 4 15 35 4 空手 10000 2684 5200 700 100 0 0 0 0 797 30 20 0 797 30 20 0 0 － 520 动物皮毛、绒球、蚕丝、狼皮 2 随机技能进阶书 0 －
#0357 豺狗武者 0352 1 － 4 15 35 4 空手 10000 2700 5360 700 100 0 0 0 0 1418 30 20 0 0 0 0 0 0 － 520 动物皮毛、绒球、蚕丝 2 随机技能进阶书 0 －
#0400 水贼头目 8010 1 － 4 15 40 4 空手 10000 2657 640 800 210 0 0 0 0 770 30 40 0 770 30 40 0 4640 水贼头巾 520 活络丸、安神丸、蚕丝 3 随机技能进阶书 0 －
#0401 大灰熊 0500 1 338 6 20 40 4 空手 10000 2754 0 0 0 0 0 0 0 0 0 0 0 1283 30 40 0 5440 闪光的石头 520 动物皮毛、蜂蜜、熊掌、绒球 3 熊皮 0 －
#0463 龟丞相 0402 1 － 6 20 46 4 五雷 10000 2202 640 920 300 0 0 0 0 797 30 40 0 797 30 40 0 5040 龟壳 520 清心丹、辟毒散、萤光粉、救急丹、活心丹 4 随机技能进阶书 0 －
#0515 郑国渠监工 0252 1 － 4 20 51 4 空手 10000 2657 640 1100 100 0 0 0 0 851 30 40 50 689 30 40 50 4640 腰牌 520 老酒、黄酒、石炭、蚕丝、碎绫 3 － 0 －
#0563 魍魉鬼 0901 1 1e0 3 15 56 4 五雷 10000 2780 0 0 0 0 0 0 0 0 0 0 0 1337 30 40 50 5360 死者遗物 520 摄魂石、安神丸、魔晴石 3 － 0 －
#0610 燕国精卫 0552 1 － 4 15 61 4 空手 10000 2267 640 1220 220 0 0 0 0 675 40 50 60 675 40 50 60 4720 帽缨、破旧的头盔、破旧的盔甲 520 活络丸、安神丸、桃子、蚕丝、碎绫 3 随机技能进阶书 500 劣质宝石矿
#0670 赵国精卫 0600 1 － 4 15 67 4 空手 10000 2257 640 1250 250 0 0 0 0 675 40 50 60 675 40 50 60 4800 刀柄 450 活络丸、安神丸、桃子、蚕丝、碎绫、碎纱 3 随机技能进阶书 500 劣质宝石矿
#0710 秦国精卫 0651 1 － 4 15 71 4 空手 10000 2257 640 1400 150 0 0 0 0 675 40 50 60 675 40 50 60 4800 枪头 450 活络丸、安神丸、蚕丝、碎绫、碎纱 3 随机技能进阶书 500 劣质宝石矿
#0762 刺客头目 8011 1 － 3 10 76 4 暗器 10000 2312 5440 1500 260 0 0 0 0 648 50 60 70 648 50 60 70 0 － 450 活络丸、安神丸、蚕丝、碎绫、碎纱 2 随机技能进阶书 500 劣质宝石矿
#0812 怨魂精灵 0752 1 21c1 3 15 81 4 空手 10000 2310 640 1600 320 0 0 0 0 608 60 70 80 608 60 70 80 4880 死者遗物、腐骨 450 摄魂石、魔晴石、安神丸、活络丸 4 － 500 残缺宝石矿
#0821 豆将军 4145 1 － 4 10 82 4 空手 10000 2310 5520 1650 350 0 0 0 0 608 60 70 80 608 60 70 80 0 － 450 黄豆、符纸、救急丹、龙骨 4 － 500 残缺宝石矿
#0833 蚀魔 0902 1 4213 4 15 83 4 空手 10000 2326 560 1650 350 0 0 0 0 608 60 70 80 608 60 70 80 4944 死者遗物、腐骨 450 摄魂石、魔晴石、蓝魔之泪、龙骨 4 － 500 残缺宝石矿
#0900 精兵冤灵 4141 1 40f2 4 10 90 4 暗器 10000 2364 640 1800 350 0 0 0 0 581 70 80 90 581 70 80 90 4880 死者遗物、七色串珠 450 魔晴石、救急丹、活心丹、碎锦 4 随机技能进阶书 500 宝石矿
#0913 骷髅侍卫 0802 1 416d 4 10 91 4 空手 10000 2364 640 1800 380 0 0 0 0 581 70 80 90 581 70 80 90 4880 骨盾、骷髅头、桃木钉、骸骨碎片 450 活心丹、龙骨、碎锦 4 － 500 宝石矿
#0921 守墓石狮 0700 1 4a27 4 10 92 4 空手 10000 2378 0 0 0 0 0 0 0 0 0 0 0 1148 70 80 90 5520 碎玉 450 龙骨 4 － 500 宝石矿
#0922 守墓石虎 0701 1 4a27 4 10 92 4 空手 10000 2378 0 0 0 0 0 0 0 0 0 0 0 1148 70 80 90 5520 碎玉 450 龙骨 4 － 500 宝石矿
#0931 僵尸王 4144 1 － 4 15 93 4 空手 10000 2364 640 1800 400 0 0 0 0 581 70 80 90 581 70 80 90 4880 死者遗物、僵尸冠 450 魔晴石、救急丹、活心丹、龙骨、碎锦 4 － 500 宝石矿
#0932 精锐石俑 0852 1 49e5 4 10 93 4 空手 10000 2364 0 0 0 0 0 0 0 581 70 80 90 581 70 80 90 5520 陶俑之首、陶俑之臂 450 碎绫、碎纱、龙骨 4 － 500 宝石矿
#0970 病魔 0902 1 9c5 4 10 97 4 空手 10000 2394 640 1900 400 0 0 0 0 581 70 80 90 581 70 80 90 5000 死者遗物、腐骨、魔之心 300 魔晴石、清心丹、摄魂石、蓝魔之泪、龙骨、碎锦 4 － 500 宝石矿
#0980 骷髅统领 0802 1 416d 4 10 98 4 空手 10000 2395 640 1900 400 0 0 0 0 581 70 80 90 581 70 80 90 5000 骨盾、骷髅头、桃木钉 300 魔晴石、古石灰、碎锦 3 － 500 宝石矿
#0990 骸灵 0750 1 1a0f 4 10 99 4 空手 10000 2395 640 1900 400 0 0 0 0 581 70 80 90 581 70 80 90 5000 死者遗物、锁魔链、甲胄 300 魔晴石、蓝魔之泪、碎锦 3 － 500 宝石矿
#1000 虚陵道人 1050 1 － 4 10 100 4 五雷 10000 2436 5680 1000 240 0 0 0 0 540 80 90 100 540 80 90 100 0 － 300 清心丹、辟毒散、萤光粉、救急丹、活心丹、碎绫、碎纱、龙骨、碎锦 4 随机技能进阶书 500 精致宝石矿
#1021 玄真道人 1051 1 － 4 10 102 4 五雷 10000 2436 5680 1000 240 0 0 0 0 540 80 90 100 540 80 90 100 0 － 300 清心丹、辟毒散、萤光粉、救急丹、活心丹、碎锦 4 随机技能进阶书 500 精致宝石矿
#1041 紫云道人 1052 1 － 4 10 104 4 五雷 10000 2436 640 1000 240 0 0 0 0 540 80 90 100 540 80 90 100 5040 拂尘 300 清心丹、辟毒散、萤光粉、救急丹、龙骨、碎锦 4 随机技能进阶书 500 精致宝石矿
#1090 罐中魔 0702 1 － 4 10 109 4 五雷 10000 2436 640 1000 240 0 0 0 0 540 80 90 100 540 80 90 100 5040 玉盖 300 清心丹、辟毒散、萤光粉、救急丹、活心丹 4 － 500 无暇宝石矿
#1091 龟太辅 0402 1 － 4 10 109 4 五雷 10000 2436 640 1000 240 0 0 0 0 540 80 90 100 540 80 90 100 5040 龟壳、长寿石 300 清心丹、辟毒散、萤光粉、救急丹、碎锦 4 随机技能进阶书 500 无暇宝石矿
#1110 神兵 4142 1 － 3 10 111 4 空手 10000 2410 640 2000 310 0 0 0 0 513 90 100 110 513 90 100 110 5120 玉束髻 300 清心丹、辟毒散、萤光粉、碎锦 4 随机技能进阶书 500 无暇宝石矿
#1111 天将 4143 1 － 3 10 111 4 空手 10000 2410 640 2000 310 0 0 0 0 513 90 100 110 513 90 100 110 5120 火凤之翼 300 活心丹、清心丹、辟毒散、碎锦 4 随机技能进阶书 500 无暇宝石矿
#1180 刀鬼 1600 1 － 3 10 118 4 空手 10000 2449 0 3200 300 0 0 0 0 473 100 110 120 473 100 110 120 5800 寒铁刀柄 300 活心丹、救急丹、龙骨、碎锦 5 － 500 完美宝石矿
#1181 剑鬼 1601 1 － 3 10 118 4 五雷 10000 2489 0 3200 300 0 0 0 0 473 100 110 120 473 100 110 120 5760 寒铁剑鞘 300 活心丹、救急丹、龙骨、碎锦 5 － 500 完美宝石矿
#1182 枪鬼 1602 1 － 3 10 118 4 暗器 10000 2441 0 3200 300 0 0 0 0 473 100 110 120 473 100 110 120 5808 寒铁枪头 300 清心丹、辟毒散、萤光粉、碎锦 5 － 500 完美宝石矿
#0604 东海龙虾王 1231 1 41f3 5 25 60 5 空手 10000 6400 300 300 50 0 0 0 0 900 55 60 65 900 55 60 65 0 － 1050 碎绫、碎纱、南瓜、狼皮 300 元魄、摄魂石 150 元魂 
#0605 大闸蟹将军 1232 1 41f3 5 25 60 5 空手 10000 6400 300 300 50 0 0 0 0 900 55 60 65 900 55 60 65 0 － 1050 碎绫、碎纱、南瓜、活络丸 300 元魄、摄魂石 150 元魂 
#0656 地狱猎豹头目 1239 1 41f3 5 25 65 5 空手 10000 6400 300 300 50 0 0 0 0 900 60 65 70 900 60 65 70 0 － 1050 碎纱、南瓜、黄豆、活络丸、番红花 300 元魄、摄魂石 150 元魂 
#0704 天外幻猪英雄 1229 1 41f3 5 25 70 5 空手 10000 6400 300 0 0 0 0 0 0 900 65 70 70 900 65 70 70 0 － 1050 碎锦、碎纱、南瓜、番红花 300 元魄、摄魂石 150 元魂 
#0705 天外幻熊头领 1237 1 41f3 5 25 70 5 空手 10000 6400 300 450 180 0 0 0 0 900 65 70 70 900 65 70 70 0 － 1050 碎锦、碎纱、蓝魔之泪、番红花 300 元魄、摄魂石 150 元魂 
#0755 巨型螳螂妖王 1212 1 41f3 5 25 75 5 空手 10000 6400 300 450 180 0 0 0 0 900 70 70 80 900 70 70 80 0 － 1050 碎纱、南瓜、龙骨、番红花 300 元魄、摄魂石 150 元魂 
#0805 幻境守卫头领 1213 1 41f3 5 25 80 5 武器 10000 6400 300 450 90 0 0 0 0 900 70 70 80 900 70 70 80 0 － 1050 碎纱、南瓜、高粱、龙骨、牛皮 300 元魄、摄魂石 150 元魂 
#0856 地狱罐妖王 1253 1 41f3 5 25 85 5 空手 10000 6400 300 450 90 0 0 0 0 900 80 80 90 900 80 80 90 0 － 1050 碎锦、南瓜、高粱、龙骨、牛皮 300 元魄、摄魂石 150 元魂 
#0905 黄金狮王 1251 1 41f3 5 25 90 5 空手 10000 6400 300 460 80 0 0 0 0 900 80 80 90 900 80 80 90 0 － 1050 碎锦、辟毒散、鱼、牛皮、龙骨 300 元魄、蓝魔之泪 150 元魂、金锭 
#0906 赤金魔虎王 1252 1 41f3 5 25 90 5 空手 10000 6400 300 460 60 0 0 0 0 900 80 80 90 900 80 80 90 0 － 1050 碎锦、辟毒散、熊皮、龙骨 300 元魄、蓝魔之泪 150 元魂、金锭 
#0955 绿荧鬼魔 1268 1 41f3 5 25 95 5 空手 10000 6400 300 600 260 0 0 0 0 900 90 90 100 900 90 90 100 0 － 1050 碎锦、木之魂、鱼、龙骨、萤光粉 300 元魄、蓝魔之泪 150 元魂 
#1005 镇天石将 1262 1 41f3 5 25 100 5 武器 10000 6400 300 600 260 0 0 0 0 900 90 90 100 900 90 90 100 0 － 1050 萤光粉、龙骨 300 元魄、蓝魔之泪 150 元魂
0505 弩兵头领 9969 1 9390 5 25 50 5 武器 10000 6000 300 300 50 0 0 0 0 900 50 55 60 900 50 55 60 400 50级随机配方 1050 碎绫、碎纱、南瓜、狼皮 300 元魄、摄魂石、元魂 150 干将宝石 0
0506 拳法师头目 9967 1 9390 5 25 50 5 武器 10000 6000 300 300 50 0 0 0 0 900 50 55 60 900 50 55 60 400 50级随机配方 1050 碎绫、碎纱、南瓜、狼皮 300 元魄、摄魂石、元魂 150 干将宝石 0
0507 棍师头目 9960 1 9390 5 25 50 5 武器 10000 6000 300 300 50 0 0 0 0 900 50 55 60 900 50 55 60 400 50级随机配方 1050 碎绫、碎纱、南瓜、狼皮 300 元魄、摄魂石、元魂 150 干将宝石 0
0554 葫芦王 9962 1 9390 5 25 55 5 武器 10000 6000 300 300 50 0 0 0 0 900 55 60 65 900 55 60 65 400 55级随机配方 1050 碎绫、碎纱、南瓜、狼皮 300 元魄、摄魂石、元魂 150 干将宝石 0
0555 铁胖统领 9963 1 9390 5 25 55 5 武器 10000 6000 300 300 50 0 0 0 0 900 55 60 65 900 55 60 65 400 55级随机配方 1050 碎绫、碎纱、南瓜、狼皮 300 元魄、摄魂石、元魂 150 干将宝石 0
0556 飞镖大盗 9965 1 9390 5 25 55 5 武器 10000 6000 300 300 50 0 0 0 0 900 55 60 65 900 55 60 65 400 55级随机配方 1050 碎绫、碎纱、南瓜、狼皮 300 元魄、摄魂石、元魂 150 干将宝石 0
0603 东胡贼王 8013 1 9390 5 25 60 5 武器 10000 6000 300 300 50 0 0 0 0 900 60 65 70 900 60 65 70 400 60级随机配方 1050 碎绫、碎纱、南瓜、狼皮 300 元魄、摄魂石、元魂 150 干将宝石 0
0606 东胡贼王 8013 1 9390 5 25 60 5 武器 10000 6000 300 300 50 0 0 0 0 900 60 65 70 900 60 65 70 400 60级随机配方 1050 碎绫、碎纱、南瓜、狼皮 300 元魄、摄魂石、元魂 150 干将宝石 0
0655 匈奴贼王 8012 1 9390 5 25 65 5 武器 10000 6000 300 300 50 0 0 0 0 900 65 70 75 900 65 70 75 400 65级随机配方 1050 碎绫、碎纱、南瓜、狼皮 300 元魄、摄魂石、元魂 150 干将宝石 0
0657 匈奴贼王 8012 1 9390 5 25 65 5 武器 10000 6000 300 300 50 0 0 0 0 900 65 70 75 900 65 70 75 400 65级随机配方 1050 碎绫、碎纱、南瓜、狼皮 300 元魄、摄魂石、元魂 150 干将宝石 0
0703 江洋大盗 8000 1 9390 5 25 70 5 武器 10000 6000 300 300 50 0 0 0 0 900 70 75 80 900 70 75 80 400 70级随机配方 1050 碎绫、碎纱、南瓜、狼皮 300 元魄、摄魂石、元魂 150 干将宝石 0
0706 铁锤将军 8011 1 9390 5 25 70 5 武器 10000 6000 300 300 50 0 0 0 0 900 70 75 80 900 70 75 80 400 70级随机配方 1050 碎绫、碎纱、南瓜、狼皮 300 元魄、摄魂石、元魂 150 干将宝石 0
0707 邪道恶鬼 9968 1 9390 5 25 70 5 武器 10000 6000 300 300 50 0 0 0 0 900 70 75 80 900 70 75 80 400 70级随机配方 1050 碎绫、碎纱、南瓜、狼皮 300 元魄、摄魂石、元魂 150 干将宝石 0
0753 斧头王 9970 1 9390 5 25 75 5 武器 10000 6000 300 300 50 0 0 0 0 900 75 80 85 900 75 80 85 400 75级随机配方 1050 碎绫、碎纱、南瓜、狼皮 300 元魄、摄魂石、元魂 150 干将宝石 0
0754 黄袍妖王 9961 1 9390 5 25 75 5 武器 10000 6000 300 300 50 0 0 0 0 900 75 80 85 900 75 80 85 400 75级随机配方 1050 碎绫、碎纱、南瓜、狼皮 300 元魄、摄魂石、元魂 150 干将宝石 0
0803 绿剑魔王 9964 1 9390 5 25 80 5 武器 10000 6000 300 300 50 0 0 0 0 900 80 85 90 900 80 85 90 400 80级随机配方 1050 碎绫、碎纱、南瓜、狼皮 300 元魄、摄魂石、元魂 150 干将宝石 0
0804 关刀匪首 9966 1 9390 5 25 80 5 武器 10000 6000 300 300 50 0 0 0 0 900 80 85 90 900 80 85 90 400 80级随机配方 1050 碎绫、碎纱、南瓜、狼皮 300 元魄、摄魂石、元魂 150 干将宝石 0
0858 葫芦将军 9962 1 9390 5 25 85 5 武器 10000 6000 300 300 50 0 0 0 0 900 85 90 95 900 85 90 95 400 85级随机配方 1050 碎绫、碎纱、南瓜、狼皮 300 元魄、摄魂石、元魂 150 干将宝石 0
0857 蒙面大盗 9967 1 9390 5 25 85 5 武器 10000 6000 300 300 50 0 0 0 0 900 85 90 95 900 85 90 95 400 85级随机配方 1050 碎绫、碎纱、南瓜、狼皮 300 元魄、摄魂石、元魂 150 干将宝石 0
0907 伏路恶霸 9965 1 9390 5 25 90 5 武器 10000 6000 300 300 50 0 0 0 0 900 90 95 100 900 90 95 100 400 90级随机配方 1050 碎绫、碎纱、南瓜、狼皮 300 元魄、摄魂石、元魂 150 干将宝石 0
0904 铁辫恶首 9963 1 9390 5 25 90 5 武器 10000 6000 300 300 50 0 0 0 0 900 90 95 100 900 90 95 100 400 90级随机配方 1050 碎绫、碎纱、南瓜、狼皮 300 元魄、摄魂石、元魂 150 干将宝石 0
0953 阴阳妖王 9964 1 9390 5 25 95 5 武器 10000 6000 300 300 50 0 0 0 0 900 95 100 105 900 95 100 105 400 95级随机配方 1050 碎绫、碎纱、南瓜、狼皮 300 元魄、摄魂石、元魂 150 干将宝石 0
0954 水火妖王 9960 1 9390 5 25 95 5 武器 10000 6000 300 300 50 0 0 0 0 900 95 100 105 900 95 100 105 400 95级随机配方 1050 碎绫、碎纱、南瓜、狼皮 300 元魄、摄魂石、元魂 150 干将宝石 0
1004 风雷妖王 9961 1 9390 5 25 100 5 武器 10000 6000 300 300 50 0 0 0 0 900 100 105 110 900 100 105 110 400 100级随机配方 1050 碎绫、碎纱、南瓜、狼皮 300 元魄、摄魂石、元魂 150 干将宝石 0
1007 死囚首领 8000 1 9390 5 25 100 5 武器 10000 6000 300 300 50 0 0 0 0 900 100 105 110 900 100 105 110 400 100级随机配方 1050 碎绫、碎纱、南瓜、狼皮 300 元魄、摄魂石、元魂 150 干将宝石 0
1054 暗杀弩将 9969 1 9390 5 25 105 5 武器 10000 6000 300 300 50 0 0 0 0 900 105 110 115 900 105 110 115 400 105级随机配方 1050 碎绫、碎纱、南瓜、狼皮 300 元魄、摄魂石、元魂 150 干将宝石 0
1055 双斧妖王 9970 1 9390 5 25 105 5 武器 10000 6000 300 300 50 0 0 0 0 900 105 110 115 900 105 110 115 400 105级随机配方 1050 碎绫、碎纱、南瓜、狼皮 300 元魄、摄魂石、元魂 150 干将宝石 0
1102 判命道魔 9968 1 9390 5 25 110 5 武器 10000 6000 300 300 50 0 0 0 0 900 110 115 120 900 110 115 120 400 110级随机配方 1050 碎绫、碎纱、南瓜、狼皮 300 元魄、摄魂石、元魂 150 干将宝石 0
1103 战锤将军 8011 1 9390 5 25 110 5 武器 10000 6000 300 300 50 0 0 0 0 900 110 115 120 900 110 115 120 400 110级随机配方 1050 碎绫、碎纱、南瓜、狼皮 300 元魄、摄魂石、元魂 150 干将宝石 0
1151 霸刀统帅 9966 1 9390 5 25 115 5 武器 10000 6000 300 300 50 0 0 0 0 900 115 120 125 900 115 120 125 400 115级随机配方 1050 碎绫、碎纱、南瓜、狼皮 300 元魄、摄魂石、元魂 150 干将宝石 0
1152 飞云统帅 4143 1 9390 5 25 115 5 武器 10000 6000 300 300 50 0 0 0 0 900 115 120 125 900 115 120 125 400 115级随机配方 1050 碎绫、碎纱、南瓜、狼皮 300 元魄、摄魂石、元魂 150 干将宝石 0