小山鸡 0 0252 0576 0563 0164 0226 0326 0726 动物 1 15 3 5000 3 防盾 失明免疫 
小野兔 0 0252 0576 0563 0164 0226 0326 0726 动物 1 15 3 5000 3 御毒术 狂攻 
小蜜蜂 0 0268 0580 0570 0174 0231 0331 0731 昆虫 2 15 3 5000 3 飞行术 弱点物理 磁能波动 
小蚂蚁 0 0268 0580 0570 0174 0231 0331 0731 昆虫 2 15 3 5000 3 弱点法术 神知 暴击 
斑点蛙 0 0283 0584 0577 0184 0237 0337 0737 动物 3 15 3 5000 3 水击 御水 负伤免疫 
赤褐蚁 5 0329 0598 0597 0214 0254 0354 0754 昆虫 6 15 3 5100 3 弱点法术 神知 失明免疫 
子母蛙 5 0345 0602 0603 0224 0260 0360 0760 动物 7 15 3 5100 3 封魔免疫 水击 御水 
楚军刀兵 10 0406 0620 0630 0264 0283 0383 0783 人形 11 15 3 5200 4 防盾 御毒术 
楚军剑兵 10 0406 0620 0630 0264 0283 0383 0783 人形 11 15 3 5200 4 毒牙 御法 强攻 
斑点狗 10 0406 0620 0630 0264 0283 0383 0783 动物 11 15 3 5200 4 弱点法术 御命术 
四脚蛇 10 0406 0620 0630 0264 0283 0383 0783 动物 11 15 3 5200 4 束缚 御土 
独角仙 10 0406 0620 0630 0264 0283 0383 0783 昆虫 11 15 3 5200 4 火攻 御火 
刺尾蜂 10 0406 0620 0630 0264 0283 0383 0783 昆虫 11 15 3 5200 4 昏迷免疫 御法 强攻 
棕熊 10 0422 0624 0637 0274 0289 0389 0789 动物 12 15 3 5200 4 防盾 御水 狂攻 
狒狒 10 0422 0624 0637 0274 0289 0389 0789 动物 12 15 3 5200 4 法盾 御火 狂攻 
绿臂螳螂 10 0422 0624 0637 0274 0289 0389 0789 昆虫 12 15 3 5200 4 吸魂 弱点攻击 
独眼兽 15 0483 0642 0663 0314 0311 0411 0811 动物 16 15 3 5300 4 落石 阴阳之术 御土 
地痞 15 0498 0647 0670 0324 0317 0417 0817 人形 17 15 3 5300 4 延缓免疫 衰神附体 沉睡术 
打手 15 0498 0647 0670 0324 0317 0417 0817 人形 17 15 3 5300 4 御命术 复生 弱点物理 
鬼火 20 0560 0664 0697 0364 0340 0440 0840 亡灵 21 15 3 5400 4 御火 火攻 
幽灵 20 0560 0664 0697 0364 0340 0440 0840 亡灵 21 15 3 5400 4 雷电 御雷 梦游免疫 
飞贼 20 0560 0664 0697 0364 0340 0440 0840 人形 21 15 3 5400 4 负伤免疫 雷电 御雷 
恶老头 20 0575 0669 0703 0374 0346 0446 0846 人形 22 15 3 5400 4 飞行术 狂攻 束缚 
恶屠 20 0575 0669 0703 0374 0346 0446 0846 人形 22 15 3 5400 4 延缓免疫 毒牙 沉睡术 
狂徒 20 0575 0669 0703 0374 0346 0446 0846 人形 22 15 3 5400 4 吸魂 神知 狂攻 
巡城小兵 25 0622 0682 0723 0404 0363 0463 0863 人形 25 15 3 5500 4 防盾 昏迷免疫 失明免疫 
斥候 25 0622 0682 0723 0404 0363 0463 0863 人形 25 15 3 5500 4 暴击 弱点物理 飞行术 
土匪 25 0637 0687 0730 0414 0369 0469 0869 人形 26 15 3 5500 4 冰冻 神知 御土 
草寇 25 0637 0687 0730 0414 0369 0469 0869 人形 26 15 3 5500 4 御晕 雷电 御雷 
赵国巡逻兵 25 0652 0691 0737 0424 0374 0474 0874 人形 27 15 3 5500 4 防盾 御毒术 狂攻 
燕国巡逻兵 25 0652 0691 0737 0424 0374 0474 0874 人形 27 15 3 5500 4 法盾 御晕 
马贼 25 0652 0691 0737 0424 0374 0474 0874 人形 27 15 3 5500 4 昏迷免疫 御土 强攻 
秦国守军 25 0652 0691 0737 0424 0374 0474 0874 人形 27 15 3 5500 4 防盾 御毒术 封魔免疫 
秦弓箭手 25 0652 0691 0737 0424 0374 0474 0874 人形 27 15 3 5500 4 毒牙 御雷 复生 
鬼魅 25 0668 0696 0743 0434 0380 0480 0880 亡灵 28 15 3 5500 5 御火 火攻 沉睡术 
骷髅兵 25 0668 0696 0743 0434 0380 0480 0880 亡灵 28 15 3 5500 5 诅咒免疫 法盾 弱点物理 
褐尾蝎 30 0714 0709 0763 0464 0397 0497 0897 昆虫 31 15 3 5600 5 纠缠 毒牙 高级强攻 
蛛蛛怪 30 0714 0709 0763 0464 0397 0497 0897 昆虫 31 15 3 5600 5 毒牙 御毒术 
毒刺蜂 30 0714 0709 0763 0464 0397 0497 0897 昆虫 31 15 3 5600 5 毒牙 飞行术 
牛头怪 30 0729 0713 0770 0474 0403 0503 0903 妖 32 15 3 5600 5 复生 御晕 暴击 
狼妖 30 0729 0713 0770 0474 0403 0503 0903 妖 32 15 3 5600 5 失明免疫 狂攻 弱点法术 
猪妖 30 0729 0713 0770 0474 0403 0503 0903 妖 32 15 3 5600 5 御命术 防盾 复生 
豺狗 30 0729 0713 0770 0474 0403 0503 0903 妖 32 15 3 5600 5 诅咒免疫 法盾 弱点法术 
水贼 35 0791 0731 0797 0514 0426 0526 0926 人形 36 15 3 5700 5 御水 水击 
癞蛤蟆 35 0791 0731 0797 0514 0426 0526 0926 动物 36 15 3 5700 5 纠缠 水击 弱点物理 
黑熊 35 0791 0731 0797 0514 0426 0526 0926 动物 36 15 3 5700 5 防盾 强攻 弱点法术 
赤炎蛇 35 0791 0731 0797 0514 0426 0526 0926 动物 36 15 3 5700 5 延缓免疫 御雷 
螳螂妖 35 0791 0731 0797 0514 0426 0526 0926 妖 36 15 3 5700 5 御晕 御雷 御土 
虾兵 40 0868 0753 0830 0564 0454 0554 0954 妖 41 15 3 5800 5 御水 水击 弱点物理 
蟹将 40 0868 0753 0830 0564 0454 0554 0954 妖 41 15 3 5800 5 御雷 雷电 弱点物理 
弩兵 45 0929 0771 0857 0604 0477 0577 0977 人形 45 15 3 5900 5 飞行术 防盾 强攻 狂攻 
拳法师 45 0929 0771 0857 0604 0477 0577 0977 人形 45 15 3 5900 5 飞行术 法盾 强攻 暴击 
棍师 45 0929 0771 0857 0604 0477 0577 0977 人形 45 15 3 5900 5 飞行术 御毒术 御命术 毒牙 
壮丁 45 0945 0776 0863 0614 0483 0583 0983 人形 46 15 3 5900 5 梦游免疫 失明免疫 
苦役 45 0945 0776 0863 0614 0483 0583 0983 人形 46 15 3 5900 5 延缓免疫 御毒术 法盾 
劳役 45 0945 0776 0863 0614 0483 0583 0983 人形 46 15 3 5900 5 失明免疫 暴击 弱点法术 
火葫芦 50 1006 0793 0890 0654 0506 0606 1006 人形 50 15 3 6000 5 飞行术 防盾 强攻 弱点攻击 
铁胖 50 1006 0793 0890 0654 0506 0606 1006 人形 50 15 3 6000 5 飞行术 法盾 强攻 暴击 
飞镖客 50 1006 0793 0890 0654 0506 0606 1006 人形 50 15 3 6000 5 高级飞行术 御毒术 御命术 毒牙 
绿壳蜘蛛 50 1022 0798 0897 0664 0511 0611 1011 昆虫 51 15 3 6000 5 诅咒免疫 弱点攻击 强攻 
大笨熊 50 1022 0798 0897 0664 0511 0611 1011 动物 51 15 3 6000 5 防盾 封魔免疫 强攻 
魍魉 50 1022 0798 0897 0664 0511 0611 1011 亡灵 51 15 3 6000 5 御火 火攻 
花豹精 50 1022 0798 0897 0664 0511 0611 1011 妖 51 15 3 6000 5 狂攻 御晕 诅咒免疫 
豺狼 50 1022 0798 0897 0664 0511 0611 1011 妖 51 15 3 6000 5 强攻 弱点法术 伤害光环 
东胡弓骑兵 55 1083 0816 0923 0704 0534 0634 1034 人形 55 15 3 6100 5 高级飞行术 法盾 强攻 暴击 
东胡骑兵 55 1083 0816 0923 0704 0534 0634 1034 人形 55 15 3 6100 5 高级飞行术 御毒术 御命术 毒牙 
东海龙虾 55 1083 0816 0923 0704 0534 0634 1034 动物 55 15 3 6100 5 御水 水击 御命术 高级防盾 
大闸蟹 55 1083 0816 0923 0704 0534 0634 1034 动物 55 15 3 6100 5 翻云覆雨 水击 御命术 高级防盾 
燕国刀盾兵 55 1098 0820 0930 0714 0540 0640 1040 人形 56 15 3 6100 5 防盾 毒牙 御雷 
燕国剑盾兵 55 1098 0820 0930 0714 0540 0640 1040 人形 56 15 3 6100 5 防盾 暴击 
燕国枪兵 55 1098 0820 0930 0714 0540 0640 1040 人形 56 15 3 6100 5 复生 御毒术 昏迷免疫 
匈奴弓骑兵 60 1160 0838 0957 0754 0563 0663 1063 人形 60 15 3 6200 5 飞行术 高级法盾 强攻 暴击 
匈奴骑兵 60 1160 0838 0957 0754 0563 0663 1063 人形 60 15 3 6200 5 飞行术 高级防盾 强攻 弱点攻击 
地狱猎豹 60 1160 0838 0957 0754 0563 0663 1063 动物 60 15 3 6200 5 高级飞行术 防盾 高级强攻 弱点攻击 
赵国刀盾兵 60 1191 0847 0970 0774 0574 0674 1074 人形 62 15 3 6200 5 强攻 弱点法术 伤害光环 
赵国剑盾兵 60 1191 0847 0970 0774 0574 0674 1074 人形 62 15 3 6200 5 御火 失明免疫 暴击 
赵国弓兵 60 1191 0847 0970 0774 0574 0674 1074 人形 62 15 3 6200 5 延缓免疫 防盾 御晕 
逃囚 65 1237 0860 0990 0804 0591 0691 1091 人形 65 15 3 6300 5 飞行术 高级法盾 强攻 暴击 
铁锤王 65 1237 0860 0990 0804 0591 0691 1091 人形 65 15 3 6300 5 飞行术 御毒术 高级御命术 毒牙 
邪道士 65 1237 0860 0990 0804 0591 0691 1091 人形 65 15 3 6300 5 飞行术 法盾 强攻 高级暴击 
天外幻猪 65 1237 0860 0990 0804 0591 0691 1091 动物 65 15 3 6300 5 高级飞行术 复生 御毒术 高级御命术 强攻 
天外幻熊 65 1237 0860 0990 0804 0591 0691 1091 动物 65 15 3 6300 5 高级飞行术 御命术 御毒术 暴击 
秦国刀盾兵 65 1252 0864 0997 0814 0597 0697 1097 人形 66 15 3 6300 5 高级御土 狂攻 弱点法术 
秦国枪兵 65 1252 0864 0997 0814 0597 0697 1097 人形 66 15 3 6300 5 防盾 狂攻 封魔免疫 
秦国弓兵 65 1252 0864 0997 0814 0597 0697 1097 人形 66 15 3 6300 5 毒牙 复生 诅咒免疫 
花面斧 70 1314 0882 1023 0854 0620 0720 1120 人形 70 15 3 6400 5 高级毒牙 复生 诅咒免疫 防盾 
黄袍妖道 70 1314 0882 1023 0854 0620 0720 1120 人形 70 15 3 6400 5 飞行术 失明免疫 御命术 高级防盾 
巨型螳螂妖 70 1314 0882 1023 0854 0620 0720 1120 昆虫 70 15 3 6400 5 飞行术 御毒术 高级御命术 毒牙 
劫匪 70 1345 0891 1037 0874 0631 0731 1131 人形 72 15 3 6400 5 昏迷免疫 暴击 防盾 
密探 70 1345 0891 1037 0874 0631 0731 1131 人形 72 15 3 6400 5 失明免疫 御命术 防盾 
水鬼 70 1345 0891 1037 0874 0631 0731 1131 人形 72 15 3 6400 5 御水 水击 弱点物理 
绿剑郎君 75 1391 0904 1057 0904 0649 0749 1149 人形 75 15 3 6500 5 飞行术 高级法盾 强攻 暴击 
关刀客 75 1391 0904 1057 0904 0649 0749 1149 人形 75 15 3 6500 5 飞行术 御毒术 高级御命术 毒牙 
幻境守卫 75 1391 0904 1057 0904 0649 0749 1149 人形 75 15 3 6500 5 飞行术 法盾 强攻 高级暴击 
罐中妖 75 1406 0909 1063 0914 0654 0754 1154 妖 76 15 3 6500 5 雷电 御雷 昏迷免疫 
豆兵 75 1406 0909 1063 0914 0654 0754 1154 妖 76 15 3 6500 5 梦游免疫 防盾 狂攻 
冤魂 75 1422 0913 1070 0924 0660 0760 1160 亡灵 77 15 3 6500 5 封魔免疫 负伤免疫 防盾 
魍魉鬼 75 1422 0913 1070 0924 0660 0760 1160 亡灵 77 15 3 6500 5 御火 火攻 御法 
疫鬼 75 1437 0918 1077 0934 0666 0766 1166 亡灵 78 15 3 6500 5 弱点物理 诅咒免疫 
恶灵 75 1437 0918 1077 0934 0666 0766 1166 亡灵 78 15 3 6500 5 防盾 毒牙 复生 
雷葫芦 80 1468 0927 1090 0954 0677 0777 1177 人形 80 15 3 6600 5 雷电 御雷 御命术 高级防盾 
蒙面拳盗 80 1468 0927 1090 0954 0677 0777 1177 人形 80 15 3 6600 5 飞行术 高级法盾 强攻 暴击 
地狱罐妖 80 1468 0927 1090 0954 0677 0777 1177 亡灵 80 15 3 6600 5 高级飞行术 御命术 御毒术 暴击 
铜甲尸 80 1483 0931 1097 0964 0683 0783 1183 亡灵 81 15 3 6600 5 防盾 暴击 弱点法术 
侍卫亡灵 80 1483 0931 1097 0964 0683 0783 1183 亡灵 81 15 3 6600 5 落石 阴阳之术 御土 
铁甲尸 80 1498 0936 1103 0974 0689 0789 1189 亡灵 82 15 3 6600 5 防盾 暴击 弱点物理 
刀盾骷髅 80 1514 0940 1110 0984 0694 0794 1194 亡灵 83 15 3 6600 5 强攻 弱点法术 梦游免疫 
剑盾骷髅 80 1514 0940 1110 0984 0694 0794 1194 亡灵 83 15 3 6600 5 失明免疫 御命术 强攻 
双刀骷髅 80 1514 0940 1110 0984 0694 0794 1194 亡灵 83 15 3 6600 5 昏迷免疫 御命术 狂攻 
僵尸 80 1529 0944 1117 0994 0700 0800 1200 亡灵 84 15 3 6600 5 御命术 弱点物理 
石狮 85 1545 0949 1123 1004 0706 0806 1206 无 85 15 3 6700 5 负伤免疫 防盾 
石虎 85 1545 0949 1123 1004 0706 0806 1206 无 85 15 3 6700 5 复生 诅咒免疫 
伏路贼 85 1545 0949 1123 1004 0706 0806 1206 人形 85 15 3 6700 5 飞行术 防盾 强攻 弱点攻击 
铁辫王 85 1545 0949 1123 1004 0706 0806 1206 人形 85 15 3 6700 5 飞行术 法盾 强攻 暴击 
黄金狮 85 1545 0949 1123 1004 0706 0806 1206 无 85 15 3 6700 5 高级飞行术 御毒术 御命术 毒牙 
赤金魔虎 85 1545 0949 1123 1004 0706 0806 1206 无 85 15 3 6700 5 高级飞行术 御命术 御毒术 暴击 
刀俑 85 1560 0953 1130 1014 0711 0811 1211 无 86 15 3 6700 5 失明免疫 御命术 强攻 
弓箭石俑 85 1575 0958 1137 1024 0717 0817 1217 无 87 15 3 6700 5 毒牙 弱点物理 诅咒免疫 
枪俑 85 1591 0962 1143 1034 0723 0823 1223 无 88 15 3 6700 5 延缓免疫 复生 诅咒免疫 
剑俑 85 1606 0967 1150 1044 0729 0829 1229 无 89 15 3 6700 5 延缓免疫 暴击 防盾 
阴阳剑 90 1622 0971 1157 1054 0734 0834 1234 人形 90 15 3 6800 5 飞行术 高级防盾 强攻 弱点攻击 
水火棍 90 1622 0971 1157 1054 0734 0834 1234 人形 90 15 3 6800 5 御火 火攻 御命术 高级防盾 
绿荧鬼 90 1622 0971 1157 1054 0734 0834 1234 亡灵 90 15 3 6800 5 延缓免疫 暴击 高级防盾 高级飞行术 
骷髅妖 90 1637 0976 1163 1064 0740 0840 1240 亡灵 91 15 3 6800 5 封魔免疫 负伤免疫 延缓免疫 
骸骨精 90 1637 0976 1163 1064 0740 0840 1240 亡灵 91 15 3 6800 5 诅咒免疫 弱点攻击 强攻 
邪灵 90 1637 0976 1163 1064 0740 0840 1240 亡灵 91 15 3 6800 5 水击 御水 翻云覆雨 
尸魔 90 1652 0980 1170 1074 0746 0846 1246 亡灵 92 15 3 6800 5 雷电 御雷 雷电交加 
怨灵 90 1668 0984 1177 1084 0751 0851 1251 亡灵 93 15 3 6800 5 落石 御土 飞沙走石 
风雷剑 95 1698 0993 1190 1104 0763 0863 1263 人形 95 15 3 6900 5 雷电 御雷 御命术 高级防盾 
死囚 95 1698 0993 1190 1104 0763 0863 1263 人形 95 15 3 6900 5 延缓免疫 暴击 高级防盾 高级飞行术 
镇天石俑 95 1698 0993 1190 1104 0763 0863 1263 无 95 15 3 6900 5 飞行术 御毒术 高级御命术 毒牙 
金精 95 1714 0998 1197 1114 0769 0869 1269 无 96 15 3 6900 5 毒牙 复生 延缓免疫 
木精 95 1714 0998 1197 1114 0769 0869 1269 无 96 15 3 6900 5 失明免疫 延缓免疫 诅咒免疫 
水精 95 1714 0998 1197 1114 0769 0869 1269 无 96 15 3 6900 5 高级御水 失明免疫 诅咒免疫 
火精 95 1714 0998 1197 1114 0769 0869 1269 无 96 15 3 6900 5 火攻 御火 灭天火法 
土精 95 1714 0998 1197 1114 0769 0869 1269 无 96 15 3 6900 5 高级御土 失明免疫 诅咒免疫 
暗杀弩 100 1775 1016 1223 1154 0791 0891 1291 人形 100 15 3 7000 5 飞行术 防盾 强攻 高级弱点攻击 
双斧妖 100 1775 1016 1223 1154 0791 0891 1291 人形 100 15 3 7000 5 飞行术 法盾 强攻 高级暴击 
罐中仙 100 1806 1024 1237 1174 0803 0903 1303 妖 102 15 3 7000 5 雷电 御雷 弱点物理 
龟仙人 100 1837 1033 1250 1194 0814 0914 1314 仙 104 15 3 7000 5 水击 御水 弱点物理 
判命道士 105 1852 1038 1257 1204 0820 0920 1320 人形 105 15 3 7100 6 飞行术 高级防盾 高级强攻 弱点攻击 
狂战锤 105 1852 1038 1257 1204 0820 0920 1320 人形 105 15 3 7100 6 高级飞行术 高级法盾 强攻 弱点攻击 
天罡门众守 105 1868 1042 1263 1214 0826 0926 1326 人形 106 15 3 7100 6 防盾 法盾 弱点法术 
守阵天兵 105 1868 1042 1263 1214 0826 0926 1326 仙 106 15 3 7100 6 防盾 复生 弱点物理 
守阵神将 105 1868 1042 1263 1214 0826 0926 1326 仙 106 15 3 7100 6 弱点法术 梦游免疫 诅咒免疫 失明免疫 
地煞门众守 105 1883 1047 1270 1224 0831 0931 1331 人形 107 15 3 7100 6 御命术 强攻 毒牙 复生 
太极门众守 105 1898 1051 1277 1234 0837 0937 1337 人形 108 15 3 7100 6 神知 失明免疫 沉睡术 
霸刀将军 110 1929 1060 1290 1254 0849 0949 1349 人形 110 15 3 7200 6 飞行术 高级御命术 强攻 毒牙 复生 
飞云将军 110 1929 1060 1290 1254 0849 0949 1349 人形 110 15 3 7200 6 飞行术 御命术 强攻 毒牙 高级复生 
刀魂 110 1960 1069 1303 1274 0860 0960 1360 亡灵 112 15 3 7200 6 暴击 防盾 御晕 
剑魂 110 1960 1069 1303 1274 0860 0960 1360 亡灵 112 15 3 7200 6 诅咒免疫 弱点攻击 强攻 复生 
枪魂 110 1960 1069 1303 1274 0860 0960 1360 亡灵 112 15 3 7200 6 防盾 御毒术 封魔免疫 复生 