0 9 
1 10 
2 11 
3 13 
4 15 
5 18 
6 22 
7 26 
8 31 
9 37 
10 43 
11 50 
12 58 
13 66 
14 75 
15 85 
16 95 
17 106 
18 118 
19 130 
20 143 
21 157 
22 171 
23 186 
24 202 
25 218 
26 235 
27 253 
28 271 
29 290 
30 310 
31 330 
32 351 
33 364 
34 376 
35 388 
36 400 
37 412 
38 424 
39 436 
40 448 
41 460 
42 472 
43 484 
44 496 
45 508 
46 520 
47 532 
48 544 
49 556 
50 568 
51 580 
52 592 
53 604 
54 616 
55 628 
56 640 
57 652 
58 664 
59 676 
60 688 
61 700 
62 712 
63 724 
64 736 
65 748 
66 760 
67 772 
68 784 
69 796 
70 808 
71 820 
72 832 
73 844 
74 856 
75 868 
76 880 
77 892 
78 904 
79 916 
80 928 
81 940 
82 952 
83 964 
84 976 
85 988 
86 1000 
87 1012 
88 1024 
89 1036 
90 1048 
91 1060 
92 1072 
93 1084 
94 1096 
95 1108 
96 1120 
97 1132 
98 1144 
99 1156 
100 1168 
101 1180 
102 1192 
103 1204 
104 1216 
105 1228 
106 1240 
107 1252 
108 1264 
109 1276 
110 1288 
111 1300 
112 1312 
113 1324 
114 1336 
115 1348 
116 1360 
117 1372 
118 1384 
119 1396 
120 1408 
121 1420 
122 1432 
123 1444 
124 1456 
125 1468 
126 1480 
127 1492 
128 1504 
129 1516 
130 1528 
131 1540 
132 1552 
133 1564 
134 1576 
135 1588 
136 1600 
137 1612 
138 1624 
139 1636 
140 1648 
141 1660 
142 1672 
143 1684 
144 1696 
145 1708 
146 1720 
147 1732 
148 1744 
149 1756 
150 1768 
