0 80  16 50  7  13  0  27  8 30
1 80  16 50  7  13  0  27  8 30
2 81  17 50  7  14  1  28  8 30
3 83  18 51  8  16  2  29  8 30
4 85  19 51  8  17  2  30  8 30
5 87  20 52  8  18  3  31  8 30
6 90  21 52  9  20  4  32  8 30
7 94  22 52  9  21  5  33  8 30
8 98  23 53  9  22  6  34  8 30
9 102  24 53  9  23  6  35  8 30
10 202  48 70  40  35  30  46  8 30
11 204  49 71  41  36  31  47  8 30
12 206  50 72  41  38  32  47  8 30
13 208  51 72  42  39  32  48  8 30
14 210  53 73  42  41  33  49  8 30
15 222  54 74  43  42  34  50  8 30
16 225  55 75  44  43  35  51  8 30
17 228  56 76  44  45  36  52  8 30
18 231  57 76  45  46  36  53  8 30
19 234  59 77  45  48  37  54  8 30
20 255  84 95  55  60  43  60  8 30
21 259  85 96  56  61  44  62  8 30
22 262  87 98  56  63  46  63  8 30
23 266  88 99  57  64  47  65  8 30
24 270  89 100  57  66  48  66  8 30
25 285  90 102  58  67  60  68  8 30
26 289  92 103  59  68  61  70  8 30
27 294  93 104  59  70  63  71  8 30
28 299  95 105  60  71  64  73  8 30
29 303  96 107  60  73  65  74  8 30
30 500  121 126  80  96  77  85  6 20
31 506  143 133  94  104  80  90  6 20
32 513  145 134  95  106  81  92  6 20
33 519  147 136  96  107  83  93  6 20
34 526  148 137  96  109  84  95  6 20
35 533  151 139  97  110  86  96  6 20
36 540  152 140  98  112  87  98  6 20
37 548  155 141  99  113  88  100  6 20
38 555  156 143  100  115  90  101  6 20
39 563  158 144  100  116  91  103  6 20
40 571  182 176  110  136  120  113  6 20
41 579  184 178  111  138  121  115  6 20
42 588  185 179  112  139  123  116  6 20
43 596  187 181  113  141  124  118  6 20
44 605  189 182  114  142  126  119  6 20
45 614  191 184  115  144  127  121  6 20
46 623  193 186  115  145  128  123  6 20
47 633  195 187  116  147  130  124  6 20
48 642  197 189  117  148  131  126  6 20
49 652  199 190  118  150  133  127  6 20
50 662  224 225  135  175  158  129  6 20
51 672  226 227  136  177  160  131  6 20
52 683  229 229  137  178  161  132  6 20
53 693  231 230  138  180  163  134  6 20
54 704  232 232  139  181  164  135  6 20
55 715  234 234  141  183  166  137  6 20
56 726  236 236  142  184  167  139  6 20
57 738  239 238  143  186  169  140  6 20
58 749  240 239  144  187  170  142  6 20
59 761  242 241  145  189  172  143  6 20
60 773  268 276  170  215  200  155  6 20
61 785  271 278  171  217  202  157  4 20
62 798  272 280  173  218  203  158  4 20
63 810  274 281  174  220  205  160  4 20
64 823  276 283  175  221  206  161  4 20
65 836  279 285  177  223  208  163  4 20
66 849  280 287  178  224  209  165  4 20
67 863  282 289  179  226  211  166  4 20
68 876  285 290  180  227  212  168  4 20
69 890  287 292  182  229  214  169  4 20
70 902  310 331  200  260  240  171  4 20
71 914  312 333  202  262  242  173  4 20
72 926  315 335  203  263  243  174  4 20
73 938  317 336  205  265  245  176  4 20
74 950  318 338  206  266  246  177  4 20
75 963  321 340  208  268  248  179  4 20
76 975  323 342  209  270  250  181  4 20
77 988  326 344  211  271  251  182  4 20
78 1001  327 345  212  273  253  184  4 20
79 1014  329 347  214  274  254  185  4 20
80 1028  356 390  230  310  298  187  4 20
81 1041  358 392  232  312  300  189  4 20
82 1055  360 394  233  313  301  191  4 20
83 1069  362 395  235  315  303  192  4 20
84 1083  365 397  236  316  304  194  4 20
85 1097  367 399  238  318  306  196  4 20
86 1111  368 401  240  320  308  197  4 20
87 1126  371 403  241  321  309  199  4 20
88 1140  373 404  243  323  311  201  4 20
89 1155  376 406  244  324  312  202  4 20
90 1170  401 450  280  365  345  210  4 20
91 1183  403 452  282  367  347  212  4 20
92 1196  406 454  284  368  348  213  4 20
93 1209  409 455  285  370  350  215  4 20
94 1223  410 457  287  371  351  217  4 20
95 1236  412 459  289  373  353  219  4 20
96 1250  415 461  291  375  355  220  4 20
97 1264  418 463  293  376  356  222  4 20
98 1278  419 464  294  378  358  224  4 20
99 1292  422 466  296  379  359  225  4 20
100 1306  447 517  310  418  400  230  4 20
101 1321  449 519  312  420  402  232  4 20
102 1335  450 521  314  421  403  233  4 20
103 1350  453 523  315  423  405  235  4 20
104 1365  456 525  317  425  407  237  4 20
105 1380  458 527  319  427  409  239  4 20
106 1395  460 528  321  428  410  240  4 20
107 1410  462 530  323  430  412  242  4 20
108 1426  465 532  324  432  414  244  4 20
109 1441  468 534  326  433  415  245  4 20
110 1457  493 570  350  462  460  255  4 20
111 1473  496 572  352  464  462  257  4 20
112 1489  499 574  354  465  463  258  4 20
113 1505  501 576  356  467  465  260  4 20
114 1521  503 578  358  469  467  262  4 20
115 1538  505 580  360  471  469  264  4 20
116 1554  508 581  361  472  470  265  4 20
117 1571  511 583  363  474  472  267  4 20
118 1588  512 585  365  476  474  269  4 20
119 1605  515 587  367  477  475  270  4 20
120 1622  542 630  400  510  525  272  4 20
121 1639  545 632  402  512  527  274  4 20
122 1657  546 634  404  514  529  275  4 20
123 1674  549 636  406  515  530  277  4 20
124 1692  552 638  408  517  532  279  4 20
125 1710  555 640  410  519  534  281  4 20
126 1728  556 641  411  521  536  282  4 20
127 1746  559 643  413  523  538  284  4 20
128 1764  562 645  415  524  539  286  4 20
129 1783  565 647  417  526  541  287  4 20
130 1801  588 660  430  560  598  289  4 20
131 1820  591 662  432  562  600  291  4 20
132 1839  594 664  434  564  602  293  4 20
133 1858  597 666  437  566  603  295  4 20
134 1877  598 668  439  568  605  296  4 20
135 1896  601 670  441  570  607  298  4 20
136 1916  604 671  443  571  609  300  4 20
137 1935  607 673  445  573  611  302  4 20
138 1955  608 675  448  575  612  304  4 20
139 1975  611 677  450  577  614  305  4 20
140 1995  639 690  452  630  680  315  4 20
141 2015  641 692  455  632  682  317  4 20
142 2035  643 694  458  634  684  319  4 20
143 2056  645 696  460  636  686  320  4 20
144 2076  649 698  463  638  688  322  4 20
145 2097  652 700  465  670  690  324  4 20
146 2118  653 702  468  672  691  326  4 20
147 2139  656 705  471  674  693  328  4 20
148 2160  660 707  473  676  695  329  4 20
149 2181  663 710  476  678  697  331  4 20
150 2203  666 712  478  680  699  333  4 20
