0450 叛军新兵 0050 会 1 － 44 2 武器 15 2 人形 强壮 10000 4190 1000 1500 50 0 0 0 0 20 40 30 50 20 40 30 50 4160 破旧的头盔、破旧的盔甲 600 摄魂石、蚕丝、碎绫 10 40-60级随机配方 0 －
0451 叛军剑兵 0051 会 1 － 46 2 武器 15 2 人形 强壮 10000 4197 1000 1500 50 0 0 0 0 20 40 30 50 20 40 30 50 4153 破旧的头盔、破旧的盔甲 600 摄魂石、蚕丝、碎绫 10 40-60级随机配方 0 －
0452 叛军弓兵 0652 会 1 － 46 2 暗器 12 2 人形 强壮 10000 4146 1000 1500 50 0 0 0 0 20 40 30 50 20 40 30 50 4204 破旧的头盔、破旧的盔甲 600 摄魂石、蚕丝、碎绫 10 40-60级随机配方 0 －
0420 叛军苦力 0450 会 1 － 44 2 空手 15 2 人形 强壮 10000 4049 1000 1500 50 0 0 0 0 20 40 30 50 20 40 30 50 4301 绿色小石头、破布衣 600 摄魂石、蚕丝、碎绫 10 40-60级随机配方 0 －
0421 叛军马夫 0452 会 1 － 44 2 空手 15 2 人形 强壮 10000 3790 1000 1500 50 0 0 0 0 20 40 30 50 20 40 30 50 4560 红色小石头、破布衣 600 魔晴石、蚕丝、碎绫 10 40-60级随机配方 0 －
0470 叛军监工 0600 会 1 － 49 2 空手 20 2 人形 强壮 10000 3804 1000 1500 50 0 0 0 0 20 40 30 50 20 40 30 50 4546 破布衣 600 魔晴石、蚕丝、碎绫 10 40-60级随机配方 0 －
0472 叛军小队长 0651 会 1 － 49 2 武器 15 2 人形 强壮 10000 4286 1000 1500 50 0 0 0 0 20 40 30 50 20 40 30 50 4064 破旧的头盔、破旧的盔甲 600 魔晴石、蚕丝、碎绫 10 40-60级随机配方 0 －
0462 叛军道长 1050 会 1 － 49 2 五雷 20 2 人形 强壮 10000 4523 1000 1500 50 0 0 0 0 20 40 30 50 20 40 30 50 3827 破旧的头盔、破旧的盔甲 600 魔晴石、蚕丝、碎绫 10 40-60级随机配方 0 －
0463 怨灵刀骷髅 0800 不会 1 － 54 3 武器 15 2 亡灵 强壮 10000 4252 1000 1500 50 0 0 0 0 20 40 30 50 20 40 30 50 4098 破旧的头盔、破旧的盔甲 600 魔晴石、蚕丝、碎绫 10 40-60级随机配方 0 －
0465 怨灵鬼火 0901 不会 1 － 54 3 五雷 20 2 妖 强壮 10000 4360 1000 1500 50 0 0 0 0 20 40 30 50 20 40 30 50 3990 火种 600 摄魂石、魔晴石 10 40-60级随机配方 0 －
