五羊 
stwing123 19086 610 60
hjzg060916 11108 620 39
zkf20003 40824 630 39
wuzhiguang 10225 640 46
zenith520 57837 650 39
renjiao1003 10447 660 39
战国
298028564 16812 610 43
wellen198 28667 620 39
laishigo 35350 630 39
w3323377 13791 640 39
dongxiqi46 15810 650 39
dengruisong 32811 660 39
金沙成都
16929381 10384 610 60
858503 10608 620 39
dblz36604 29552 630 39
weiyu 15579 640 39
sen8413 10639 650 39
zz3352#2 34041 660 39
松花江畔
sgy8531 30757 610 63
nancongcong#2 20200 620 40
kg78313119#3 31577 630 39
zzz1688 31609 640 39
yctlsy 20304 650 39
dahe777 31497 660 39
泰山
wanglei8098 31517 610 50
tjyx1983 31307 620 39
wsyyq521#2 34431 630 39
yehai11 21674 640 44
angelyiji 37294 650 39
tmdaiqing 31031 660 39
天下
wxmwxm1 46786 610 52
jhzlf206 11614 620 40
fyf08132003 12239 630 39
wudilp110 21914 640 39
jinyi 13201 650 39
zhongliang#2 16451 660 39
满陇桂雨
kevinzhang76 62913 610 40
aotiange 62360 620 39
fox3843 63347 630 30
zhoupinlei 62364 640 39
wtkabc3 66366 650 32
0576521 62281 660 35
三星堆
lainwb163 64445 610 32
yun1tian 64982 620 32
july369 64005 630 30
linanangle 62457 640 39
zy4653 63688 650 39
helmfeng 62456 660 39
70(台湾)
306450#2 16947 610 32
alicemhn25 11201 620 39
234560 10975 630 39
mm169 10722 640 39
killer999 10220 650 39
tami817 10742 660 39
75(台湾)
gagabyteb 10358 610 50
shuli0426 10370 620 39
n124607 10888 630 36
leo520 10058 640 40
man91111 10651 650 39
koki2004#2 11584 660 39
