0001 粗布衣 6000 6000 件 0 850 2700 10 10 5 5 4a48 51c4 1881 0 布衣
0010 粗麻衣 6000 6000 件 10 1200 4500 20 20 15 15 4a48 51c4 1881 0 布衣
0020 棉布衣 6000 6000 件 20 1350 6600 30 30 25 25 4a48 51c4 1881 0 布衣
0030 武生服 6003 6003 件 30 2500 8400 40 40 35 35 5162 30e3 20e3 0 劲装
0040 侠士装 6003 6003 件 40 3000 9000 50 50 45 45 5162 30e3 20e3 0 劲装
0050 夫子服 6005 6005 件 50 5000 10500 60 60 55 55 51c1 3921 4208 0 长袍
                
0002 粗布衣 6010 6010 件 0 850 2700 10 10 5 5 39c3 2964 2124 0 布衣
0011 粗麻衣 6010 6010 件 10 1200 4500 20 20 15 15 39c3 2964 2124 0 布衣
0021 棉布衣 6010 6010 件 20 1350 6600 30 30 25 25 39c3 2964 2124 0 布衣
0031 武生服 6013 6013 件 30 2500 8400 40 40 35 35 82e2 4162 18a0 0 劲装
0041 侠士装 6013 6013 件 40 3000 9000 50 50 45 45 82e2 4162 18a0 0 劲装
0051 夫子服 6015 6015 件 50 5000 10500 60 60 55 55 21c7 8e3 4208 0 长袍
                
0003 粗布衣 6020 6020 件 0 850 2700 10 10 5 5 28c0 3102 1060 0 布衣
0012 粗麻衣 6020 6020 件 10 1200 4500 20 20 15 15 28c0 3102 1060 0 布衣
0022 棉布衣 6020 6020 件 20 1350 6600 30 30 25 25 28c0 3102 1060 0 布衣
0032 武生服 6023 6023 件 30 2500 8400 40 40 35 35 18e3 2945 2945 0 劲装
0042 侠士装 6023 6023 件 40 3000 9000 50 50 45 45 18e3 2945 2945 0 劲装
0052 夫子服 6025 6025 件 50 5000 10500 60 60 55 55 3121 20e3 4208 0 长袍
