1030 逍遥袍 6005 6005 件 30 5000 10500 52 18 20 10 5% 51c1 3921 4208 0 长袍
1040 碧水长袍 6034 6034 件 40 12500 13500 71 27 40 15 6% 2187 1104 4208 0 官袍
1050 清风长袍 6034 6034 件 50 20000 16500 90 36 60 20 7% 2187 1104 4208 0 官袍
1060 豹皮甲 6036 6036 件 60 27500 19500 109 45 80 25 8% 40a1 5920 3922 0 皮甲
1070 虎皮甲 6036 6036 件 70 35000 22500 128 54 100 30 9% 40a1 5920 3922 0 皮甲
1080 玄锐甲 6038 6038 件 80 42500 25500 147 63 120 35 10% 40e1 5080 4101 0 软甲
1090 灵锐甲 6038 6038 件 90 50000 28500 166 72 140 40 11% 40e1 5080 4101 0 软甲
1100 淬金铠 6040 6040 件 100 57500 31500 185 81 160 45 12% 8a4 1106 4208 0 铠甲
1110 菁玉铠 6040 6040 件 110 65000 34500 204 90 180 50 13% 8a4 1106 4208 0 铠甲
1120 麟甲战甲 6042 6042 件 120 72500 37500 223 99 200 55 14% 50e0 3081 4208 0 战甲
1130 霸王战甲 6042 6042 件 130 80000 40500 242 108 220 60 15% 50e0 3081 4208 0 战甲
