2030 儒生袍 6015 6015 件 30 6000 9000 48 25 25 25 4% 21c7 8e3 4208 0 长袍
2040 紫云长袍 6054 6054 件 40 12000 12750 66 40 46 42 5% 3861 1081 4208 0 官袍
2050 赤霞长袍 6054 6054 件 50 18000 16500 84 55 67 59 6% 3861 1081 4208 0 官袍
2060 貂皮甲 6056 6056 件 60 24000 20250 102 70 88 76 7% 21a7 330a 19a7 0 皮甲
2070 蟒皮甲 6056 6056 件 70 30000 24000 120 85 109 93 8% 21a7 330a 19a7 0 皮甲
2080 玄清甲 6058 6058 件 80 36000 27750 138 100 130 110 9% 3266 1a46 31e6 0 软甲
2090 灵清甲 6058 6058 件 90 42000 31500 156 115 151 127 10% 3266 1a46 31e6 0 软甲
2100 赤金铠 6060 6060 件 100 48000 35250 174 130 172 144 11% 30e0 3922 4208 0 铠甲
2110 珀玉铠 6060 6060 件 110 54000 39000 192 145 193 161 12% 30e0 3922 4208 0 铠甲
2120 凤翼战甲 6062 6062 件 120 60000 42750 210 160 214 178 13% 6ae6 51e3 4208 0 战甲
2130 天魔战甲 6062 6062 件 130 66000 46500 228 175 235 195 14% 6ae6 51e3 4208 0 战甲
