3030 方士袍 6025 6025 件 30 6500 6000 40 30 20 40 3% 861 18e3 4208 0 长袍
3040 碣尘长袍 6074 6074 件 40 14500 7200 56 50 40 70 4% 5222 20e0 4208 0 官袍
3050 陵川长袍 6074 6074 件 50 22500 8400 72 70 60 100 5% 5222 20e0 4208 0 官袍
3060 羊皮甲 6076 6076 件 60 30500 9600 88 90 80 130 6% 9b43 7ae1 5a26 0 皮甲
3070 鹿皮甲 6076 6076 件 70 38500 10800 104 110 100 160 7% 9b43 7ae1 5a26 0 皮甲
3080 玄木甲 6078 6078 件 80 46500 12000 120 130 120 190 8% 5225 51c0 5204 0 软甲
3090 灵木甲 6078 6078 件 90 54500 13200 136 150 140 220 9% 5225 51c0 5204 0 软甲
3100 玄金铠 6080 6080 件 100 62500 14400 152 170 160 250 10% 1802 18e3 4208 0 铠甲
3110 寒玉铠 6080 6080 件 110 70500 15600 168 190 180 280 11% 1802 18e3 4208 0 铠甲
3120 龙鳞战甲 6082 6082 件 120 78500 16800 184 210 200 310 12% 11a0 19a2 4208 0 战甲
3130 九天战甲 6082 6082 件 130 86500 18000 200 230 220 340 13% 11a0 19a2 4208 0 战甲
