0001 细布衣 6100 6100 件 0 850 2700 10 10 5 5 1988 10e4 10a3 0 布衣
0010 细麻布衣 6100 6100 件 10 1200 4500 20 20 15 15 1988 10e4 10a3 0 布衣
0020 细棉衣 6100 6100 件 20 1350 6600 30 30 25 25 1988 10e4 10a3 0 布衣
0030 绸衣 6103 6103 件 30 2500 8400 40 40 35 35 6222 28e1 20c0 0 劲装
0040 彩锦衣 6103 6103 件 40 3000 9000 50 50 45 45 6222 28e1 20c0 0 劲装
0050 羽衣 6105 6105 件 50 5000 10500 60 60 55 55 59c1 3ac3 18c2 0 背子
                
0002 细布衣 6110 6110 件 0 850 2700 10 10 5 5 6188 200a 10a4 0 布衣
0011 细麻布衣 6110 6110 件 10 1200 4500 20 20 15 15 6188 200a 10a4 0 布衣
0021 细棉衣 6110 6110 件 20 1350 6600 30 30 25 25 6188 200a 10a4 0 布衣
0031 绸衣 6113 6113 件 30 2500 8400 40 40 35 35 5128 28c6 18c3 0 劲装
0041 彩锦衣 6113 6113 件 40 3000 9000 50 50 45 45 5128 28c6 18c3 0 劲装
0051 羽衣 6115 6115 件 50 5000 10500 60 60 55 55 18c5 738e 18e5 0 背子
                
0003 细布衣 6120 6120 件 0 850 2700 10 10 5 5 3901 20c2 20e2 0 布衣
0012 细麻布衣 6120 6120 件 10 1200 4500 20 20 15 15 3901 20c2 20e2 0 布衣
0022 细棉衣 6120 6120 件 20 1350 6600 30 30 25 25 3901 20c2 20e2 0 布衣
0032 绸衣 6123 6123 件 30 2500 8400 40 40 35 35 28e8 4165 1061 0 劲装
0042 彩锦衣 6123 6123 件 40 3000 9000 50 50 45 45 28e8 4165 1061 0 劲装
0052 羽衣 6125 6125 件 50 5000 10500 60 60 55 55 5a08 6907 10a4 0 背子
