2030 蕴文彩衣 6115 6115 件 30 6000 9000 48 25 25 25 4% 18c5 738e 18e5 0 背子
2040 赤纱襦裙 6154 6154 件 40 12000 12750 66 40 46 42 5% 6903 10e2 4208 0 襦裙
2050 赤月襦裙 6154 6154 件 50 18000 16500 84 55 67 59 6% 6903 10e2 4208 0 襦裙
2060 白狐皮甲 6156 6156 件 60 24000 20250 102 70 88 76 7% 9367 4208 18c2 0 皮甲
2070 雪狐皮甲 6156 6156 件 70 30000 24000 120 85 109 93 8% 9367 4208 18c2 0 皮甲
2080 黄金护甲 6158 6158 件 80 36000 27750 138 100 130 110 9% 5a00 5140 6ae2 0 软甲
2090 曜日护甲 6158 6158 件 90 42000 31500 156 115 151 127 10% 5a00 5140 6ae2 0 软甲
2100 乾天宝甲 6160 6160 件 100 48000 35250 174 130 172 144 11% 7100 4208 1921 0 铠甲
2110 炽阳宝甲 6160 6160 件 110 54000 39000 192 145 193 161 12% 7100 4208 1921 0 铠甲
2120 炎魂战甲 6162 6162 件 120 60000 42750 210 160 214 178 13% 5908 48ed 4208 0 战甲
2130 玄魔神甲 6162 6162 件 130 66000 46500 228 175 235 195 14% 5908 48ed 4208 0 战甲
