3030 紫羽彩衣 6125 6125 件 30 6500 6000 40 30 20 40 3% 5a08 6907 10a4 0 背子
3040 蓝纱襦裙 6174 6174 件 40 14500 7200 56 50 40 70 4% 2908 4208 4208 0 襦裙
3050 蔚星襦裙 6174 6174 件 50 22500 8400 72 70 60 100 5% 2908 4208 4208 0 襦裙
3060 蓝狐皮甲 6176 6176 件 60 30500 9600 88 90 80 130 6% 4bd2 3128 2165 0 皮甲
3070 灵狐皮甲 6176 6176 件 70 38500 10800 104 110 100 160 7% 4bd2 3128 2165 0 皮甲
3080 紫金护甲 6178 6178 件 80 46500 12000 120 130 120 190 8% 8268 5803 70e8 0 软甲
3090 紫云护甲 6178 6178 件 90 54500 13200 136 150 140 220 9% 8268 5803 70e8 0 软甲
3100 玄阴宝甲 6180 6180 件 100 62500 14400 152 170 160 250 10% 59c3 3104 4100 0 铠甲
3110 虚灵宝甲 6180 6180 件 110 70500 15600 168 190 180 280 11% 59c3 3104 4100 0 铠甲
3120 灵羽战甲 6182 6182 件 120 78500 16800 184 210 200 310 12% 5200 d200 4208 0 战甲
3130 玄女神甲 6182 6182 件 130 86500 18000 200 230 220 340 13% 5200 d200 4208 0 战甲
