0001 粗布帽 6500 6500 顶 0 950 2400 5 5 5 5 4208 4208 毡帽
0010 粗麻帽 6500 6500 顶 10 1350 3600 8 8 10 10 4208 4208 毡帽
0020 棉布帽 6500 6500 顶 20 1800 4200 11 11 15 15 4208 4208 毡帽
0030 武生帽 6503 6503 顶 30 2400 4800 14 14 20 20 28c2 4208 武生帽
0040 侠士帽 6503 6503 顶 40 3800 6000 17 17 25 25 28c2 4208 武生帽
0050 夫子冠 6505 6505 顶 50 5500 7200 20 20 30 30 2901 4208 平帽
              
0002 粗布帽 6510 6510 顶 0 950 2400 5 5 5 5 3140 4208 毡帽
0011 粗麻帽 6510 6510 顶 10 1350 3600 8 8 10 10 3140 4208 毡帽
0021 棉布帽 6510 6510 顶 20 1800 4200 11 11 15 15 3140 4208 毡帽
0031 武生帽 6513 6513 顶 30 2400 4800 14 14 20 20 6240 4208 武生帽
0041 侠士帽 6513 6513 顶 40 3800 6000 17 17 25 25 6240 4208 武生帽
0051 夫子冠 6515 6515 顶 50 5500 7200 20 20 30 30 3227 4028 平帽
              
0003 粗布帽 6520 6520 顶 0 950 2400 5 5 5 5 3942 4208 毡帽
0012 粗麻帽 6520 6520 顶 10 1350 3600 8 8 10 10 3942 4208 毡帽
0022 棉布帽 6520 6520 顶 20 1800 4200 11 11 15 15 3942 4208 毡帽
0032 武生帽 6523 6523 顶 30 2400 4800 14 14 20 20 18c3 4208 武生帽
0042 侠士帽 6523 6523 顶 40 3800 6000 17 17 25 25 18c3 4208 武生帽
0052 夫子冠 6525 6525 顶 50 5500 7200 20 20 30 30 1802 4208 平帽
