1030 逍遥冠 6505 6505 顶 30 5000 6600 17 9 10 5 10 3% 2% 2901 4208 平帽
1040 碧水帽 6534 6534 顶 40 8500 7800 22 12 15 8 12 4% 2% 2167 4208 道冠
1050 清风冠 6534 6534 顶 50 12000 9000 28 16 20 11 14 5% 3% 2167 4208 道冠
1060 豹皮帽 6536 6536 顶 60 15500 10200 34 19 25 14 16 6% 3% 4981 4208 皮帽
1070 虎皮帽 6536 6536 顶 70 19000 11400 39 23 30 17 18 7% 4% 4981 4208 皮帽
1080 玄锐冠 6538 6538 顶 80 22500 12600 45 27 35 20 20 8% 4% 3881 4208 紫金冠
1090 灵锐冠 6538 6538 顶 90 26000 13800 51 30 40 23 22 9% 5% 3881 4208 紫金冠
1100 淬金盔 6540 6540 顶 100 29500 15000 57 34 45 26 24 10% 5% 1988 31a6 缨盔
1110 菁玉盔 6540 6540 顶 110 33000 16200 62 37 50 29 26 11% 6% 1988 31a6 缨盔
1120 麟甲战盔 6542 6542 顶 120 36500 17400 68 41 55 32 28 12% 6% 5880 49c2 战盔
1130 霸王战盔 6542 6542 顶 130 40000 18600 74 45 60 35 30 13% 7% 5880 49c2 战盔
