0001 布帽 6600 6600 顶 0 950 2400 5 5 5 5 226d 4208 平帽
0010 细麻帽 6600 6600 顶 10 1350 3600 8 8 10 10 226d 4208 平帽
0020 细棉帽 6600 6600 顶 20 1800 4200 11 11 15 15 226d 4208 平帽
0030 绸帽 6603 6603 顶 30 2400 4800 14 14 20 20 4a25 4208 武生帽
0040 锦帽 6603 6603 顶 40 3800 6000 17 17 25 25 4a25 4208 武生帽
0050 羽冠 6605 6605 顶 50 5500 7200 20 20 30 30 5384 4208 道冠
              
0002 布帽 6610 6610 顶 0 950 2400 5 5 5 5 716a 4208 平帽
0011 细麻帽 6610 6610 顶 10 1350 3600 8 8 10 10 716a 4208 平帽
0021 细棉帽 6610 6610 顶 20 1800 4200 11 11 15 15 716a 4208 平帽
0031 绸帽 6613 6613 顶 30 2400 4800 14 14 20 20 4987 4208 武生帽
0041 锦帽 6613 6613 顶 40 3800 6000 17 17 25 25 4987 4208 武生帽
0051 羽冠 6615 6615 顶 50 5500 7200 20 20 30 30 1949 4028 道冠
              
0003 布帽 6620 6620 顶 0 950 2400 5 5 5 5 5962 4208 平帽
0012 细麻帽 6620 6620 顶 10 1350 3600 8 8 10 10 5962 4208 平帽
0022 细棉帽 6620 6620 顶 20 1800 4200 11 11 15 15 5962 4208 平帽
0032 绸帽 6623 6623 顶 30 2400 4800 14 14 20 20 20c6 4208 武生帽
0042 锦帽 6623 6623 顶 40 3800 6000 17 17 25 25 20c6 4208 武生帽
0052 羽冠 6625 6625 顶 50 5500 7200 20 20 30 30 698b 4208 道冠
