2030 珍珠项链 8603 8603 串 30 7250 5400 4 5 5 5 8% 5%
2040 琥珀项链 8604 8604 串 40 15000 5700 10 11 6 10 10% 6%
2050 星光项链 8605 8605 串 50 22750 6000 16 17 7 15 12% 7%
2060 明珠项链 8606 8606 串 60 30500 6300 22 23 8 20 14% 8%
2070 黄玉项链 8607 8607 串 70 38250 6600 28 29 9 25 16% 9%
2080 翡翠项链 8608 8608 串 80 46000 6900 34 35 10 30 18% 10%
2090 宝石项链 8609 8609 串 90 53750 7200 40 41 11 35 20% 11%
2100 玄铁项链 8610 8610 串 100 61500 7500 46 47 12 40 22% 12%
2110 五行项链 8611 8611 串 110 69250 7800 52 53 13 45 24% 13%
2120 乾坤项链 8612 8612 串 120 77000 8100 58 59 14 50 26% 14%
2130 无极项链 8613 8613 串 130 84750 8400 64 65 15 55 28% 15%
