铜项链 8608 桃花源 10 1500 6300 0 10
青铜项链 8604 桃花源 15 3000 6450 0 15
铁项链 8612 桃花源 20 6500 6600 0 20
黑铁项链 8607 桃花源 25 10000 6750 0 25
 银项链 8600 桃花源 30 13500 6900 0 30
水银项链 8600 桃花源 35 17000 7050 0 35
象牙项链 8601 桃花源 40 20500 7200 0 40
虎齿项链 8601 桃花源 45 24000 7350 0 45
红玛瑙项链 8612 桃花源 50 27500 7500 0 50
蓝玛瑙项链 8613 桃花源 55 31000 7650 0 55
琥珀项链 8603 桃花源 60 34500 7800 0 60
水晶项链 8610 桃花源 65 38000 7950 0 65
翡翠项链 8604 桃花源 70 41500 8100 0 70
白金项链 8614 桃花源 80 48500 8400 0 80
红宝石项链 8612 桃花源 90 55500 8700 0 90
钻石项链 8610 桃花源 100 62500 9000 0 100
斗魂项链 8663 桃花源 110 69500 9300 0 110
龙吟项链 8662 桃花源 120 76500 9600 0 120
铜项链 8608 蜀山 10 1500 6300 0 15
青铜项链 8604 蜀山 15 3000 6450 0 20
铁项链 8612 蜀山 20 6500 6600 0 25
黑铁项链 8607 蜀山 25 10000 6750 0 30
命运项链 8650 蜀山 30 13500 6900 0 35
生命项链 8650 蜀山 35 17000 7050 0 40
灵石项链 8610 蜀山 40 20500 7200 0 45
飞仙项链 8654 蜀山 45 24000 7350 0 50
含魂之链 8655 蜀山 50 27500 7500 0 55
幽灵项链 8607 蜀山 55 31000 7650 0 60
玉露项链 8652 蜀山 60 34500 7800 0 65
天株项链 8656 蜀山 65 38000 7950 0 70
火珠链 8612 蜀山 70 41500 8100 0 75
海珠链 8613 蜀山 80 48500 8400 0 85
火凤之链 8655 蜀山 90 55500 8700 0 95
龙睛之链 8600 蜀山 100 62500 9000 0 105
神灵项链 8662 蜀山 110 69500 9300 0 115
玉尊项链 8657 蜀山 120 76500 9600 0 125
铜项链 8608 禁卫军 10 1500 6300 0 5
青铜项链 8604 禁卫军 15 3000 6450 0 10
铁项链 8612 禁卫军 20 6500 6600 0 15
黑铁项链 8607 禁卫军 25 10000 6750 0 20
玄明项链 8603 禁卫军 30 13500 6900 0 25
流云项链 8606 禁卫军 35 17000 7050 0 30
彩石项链 8609 禁卫军 40 20500 7200 0 35
旋风项链 8611 禁卫军 45 24000 7350 0 40
飞虹项链 8651 禁卫军 50 27500 7500 0 45
火龙项链 8655 禁卫军 55 31000 7650 0 50
黑檀项链 8613 禁卫军 60 34500 7800 0 55
玄木项链 8608 禁卫军 65 38000 7950 0 60
鬼魅项链 8611 禁卫军 70 41500 8100 0 65
幽明项链 8613 禁卫军 80 48500 8400 0 75
玉龙项链 8652 禁卫军 90 55500 8700 0 85
祈祷项链 8654 禁卫军 100 62500 9000 0 95
祈福项链 8661 禁卫军 110 69500 9300 0 105
弑魂项链 8663 禁卫军 120 76500 9600 0 115
铜项链 8608 唐门 10 1800 5100 0 12
青铜项链 8604 唐门 15 3400 5250 0 17
铁项链 8612 唐门 20 7250 5400 0 22
黑铁项链 8607 唐门 25 11100 5550 0 27
星光项链 8600 唐门 30 15000 5700 0 32
月光项链 8600 唐门 35 18900 5850 0 37
燎炎项链 8612 唐门 40 22750 6000 0 42
火焰之链 8612 唐门 45 26600 6150 0 47
闪耀之链 8605 唐门 50 30500 6300 0 52
凤凰珠链 8603 唐门 55 34400 6450 0 57
碧月项链 8657 唐门 60 38250 6600 0 62
寒光项链 8657 唐门 65 42100 6750 0 67
永恒项链 8660 唐门 70 46000 6900 0 72
宇环之链 8664 唐门 80 53750 7200 0 82
定魂项链 8662 唐门 90 61500 7500 0 92
玄金项链 8605 唐门 100 69250 7800 0 102
燎原项链 8656 唐门 110 77000 8100 0 112
虚冥项链 8664 唐门 120 84750 8400 0 122
铜项链 8608 昆仑山 10 2000 4650 10 15
青铜项链 8604 昆仑山 15 3500 4725 20 20
铁项链 8612 昆仑山 20 8000 4800 30 25
黑铁项链 8607 昆仑山 25 12500 4875 40 30
闪灵项链 8600 昆仑山 30 17000 4950 50 35
灵魂项链 8603 昆仑山 35 21500 5025 60 40
水之项链 8652 昆仑山 40 26000 5100 70 45
风之项链 8653 昆仑山 45 30500 5175 80 50
雨之项链 8654 昆仑山 50 35000 5250 90 55
雷神之链 8655 昆仑山 55 39500 5325 100 60
蓝宝石项链 8613 昆仑山 60 44000 5400 110 65
绝情之链 8659 昆仑山 65 48500 5475 120 70
火纹项链 8663 昆仑山 70 53000 5550 130 75
土域项链 8608 昆仑山 80 62000 5700 150 85
狂风项链 8614 昆仑山 90 71000 5850 170 95
炽焰项链 8655 昆仑山 100 80000 6000 190 105
神念项链 8662 昆仑山 110 89000 6150 210 115
乾坤项链 8663 昆仑山 120 98000 6300 230 125
铜项链 8608 茅山 10 2000 4650 8 16
青铜项链 8604 茅山 15 3500 4725 18 21
铁项链 8612 茅山 20 8000 4800 28 26
黑铁项链 8607 茅山 25 12500 4875 38 31
玉菱项链 8652 茅山 30 17000 4950 48 36
火凤项链 8655 茅山 35 21500 5025 58 41
绮丽项链 8650 茅山 40 26000 5100 68 46
唤风项链 8608 茅山 45 30500 5175 78 51
常风项链 8606 茅山 50 35000 5250 88 56
烽火项链 8655 茅山 55 39500 5325 98 61
九龙珠链 8650 茅山 60 44000 5400 108 66
水魂项链 8657 茅山 65 48500 5475 118 71
钰风项链 8652 茅山 70 53000 5550 128 76
暗魂项链 8653 茅山 80 62000 5700 148 86
神风项链 8606 茅山 90 71000 5850 168 96
凤凰明珠 8600 茅山 100 80000 6000 188 106
真魂项链 8611 茅山 110 89000 6150 208 116
嗜尊项链 8664 茅山 120 98000 6300 228 126
铜项链 8608 云梦泽 10 2000 4650 10 20
青铜项链 8604 云梦泽 15 3500 4725 20 25
铁项链 8612 云梦泽 20 8000 4800 30 30
黑铁项链 8607 云梦泽 25 12500 4875 40 35
彩云项链 8609 云梦泽 30 17000 4950 50 40
冰火珠链 8655 云梦泽 35 21500 5025 60 45
黑龙项链 8656 云梦泽 40 26000 5100 70 50
齐鸣项链 8657 云梦泽 45 30500 5175 80 55
青玉项链 8657 云梦泽 50 35000 5250 90 60
水纹项链 8653 云梦泽 55 39500 5325 100 65
冥域项链 8656 云梦泽 60 44000 5400 110 70
冰青项链 8657 云梦泽 65 48500 5475 120 75
寒雷项链 8659 云梦泽 70 53000 5550 130 80
七霞项链 8650 云梦泽 80 62000 5700 150 90
秋娥项链 8610 云梦泽 90 71000 5850 170 100
凤鸣项链 8650 云梦泽 100 80000 6000 190 110
玉缕项链 8661 云梦泽 110 89000 6150 210 120
飞鸿项链 8650 云梦泽 120 98000 6300 230 130
