草鞋 8800 无门派 0 300 2100 2 0
藤蔓鞋 8800 无门派 5 900 3600 3 2
布鞋 8800 无门派 10 1400 4800 4 4
麻布鞋 8800 无门派 15 1850 5100 5 6
皮革鞋 8801 桃花源 20 2000 5800 11 6
紫蔓鞋 8803 桃花源 25 2500 6200 13 9
丝绸鞋 8803 桃花源 30 2900 6600 16 12
玉缕鞋 8803 桃花源 35 4400 7000 18 15
绿青鞋 8803 桃花源 40 6000 7350 20 18
追风履 8803 桃花源 45 7600 7700 22 21
踏云履 8803 桃花源 50 9100 8100 25 24
神行履 8803 桃花源 55 10600 8500 27 27
玉清履 8805 桃花源 60 12200 8850 29 30
飞云履 8805 桃花源 65 13800 9200 31 33
神风履 8805 桃花源 70 15300 9600 34 36
玄云履 8805 桃花源 80 18400 10350 38 42
麒麟鞋 8805 桃花源 90 21500 11100 43 48
龙鳞履 8805 桃花源 100 24600 11850 47 54
残阳履 8809 桃花源 110 27700 12600 52 60
星辰履 8808 桃花源 120 30800 13350 56 66
青柳鞋 8803 蜀山 20 2000 5800 11 10
拂晓鞋 8807 蜀山 25 2500 6200 13 13
碧龙鞋 8805 蜀山 30 2900 6600 16 16
玲珑鞋 8812 蜀山 35 4400 7000 18 19
舞天履 8808 蜀山 40 6000 7350 20 22
飞虎履 8810 蜀山 45 7600 7700 22 25
鹤啸履 8810 蜀山 50 9100 8100 25 28
飞天履 8810 蜀山 55 10600 8500 27 31
踏青履 8808 蜀山 60 12200 8850 29 34
逍遥履 8810 蜀山 65 13800 9200 31 37
狂龙履 8810 蜀山 70 15300 9600 34 40
翻云履 8810 蜀山 80 18400 10350 38 46
祁龙履 8810 蜀山 90 21500 11100 43 52
破云履 8812 蜀山 100 24600 11850 47 58
紫云履 8812 蜀山 110 27700 12600 52 64
凤天鞋 8812 蜀山 120 30800 13350 56 70
沙场鞋 8804 禁卫军 20 2000 5800 11 4
战空履 8804 禁卫军 25 2500 6200 13 7
狂战履 8804 禁卫军 30 2900 6600 16 10
风雷履 8810 禁卫军 35 4400 7000 18 13
破敌鞋 8810 禁卫军 40 6000 7350 20 16
悍将履 8810 禁卫军 45 7600 7700 22 19
战天履 8810 禁卫军 50 9100 8100 25 22
飞豹履 8810 禁卫军 55 10600 8500 27 25
战将鞋 8812 禁卫军 60 12200 8850 29 28
战龙履 8812 禁卫军 65 13800 9200 31 31
混天战鞋 8812 禁卫军 70 15300 9600 34 34
云龙战鞋 8812 禁卫军 80 18400 10350 38 40
飞天战鞋 8812 禁卫军 90 21500 11100 43 46
霸王履 8812 禁卫军 100 24600 11850 47 52
撼天鞋 8811 禁卫军 110 27700 12600 52 58
战神鞋 8811 禁卫军 120 30800 13350 56 64
随风鞋 8805 唐门 20 1100 5100 6 10
青云鞋 8805 唐门 25 2300 5550 7 16
天水鞋 8805 唐门 30 3500 6000 8 22
水青鞋 8805 唐门 35 4700 6450 9 28
鲤鱼鞋 8805 唐门 40 6000 6900 10 34
追云鞋 8805 唐门 45 7300 7350 11 40
赶日鞋 8809 唐门 50 8500 7800 12 46
玄魔鞋 8809 唐门 55 9700 8250 13 52
金丝鞋 8808 唐门 60 11000 8700 14 58
龙皮鞋 8808 唐门 65 12300 9150 15 64
天威鞋 8808 唐门 70 13500 9600 16 70
寒星鞋 8808 唐门 80 16000 10500 18 82
凤羽鞋 8808 唐门 90 18500 11400 20 94
摄魂履 8810 唐门 100 21000 12300 22 106
轩缘履 8810 唐门 110 23500 13200 24 118
天神履 8810 唐门 120 26000 14100 26 130
细麻鞋 8803 昆仑山 20 1200 4700 6 7
蓝缎鞋 8803 昆仑山 25 2300 4900 7 9
青龙鞋 8803 昆仑山 30 4000 5100 8 11
白虎鞋 8805 昆仑山 35 5700 5300 9 13
宣明鞋 8805 昆仑山 40 7500 5550 10 15
虎头鞋 8805 昆仑山 45 9300 5800 11 17
龙头鞋 8805 昆仑山 50 11000 6000 12 19
豹纹鞋 8807 昆仑山 55 12700 6200 13 21
垂云鞋 8810 昆仑山 60 14500 6450 14 23
飞玉鞋 8810 昆仑山 65 16300 6700 15 25
混天履 8810 昆仑山 70 18000 6900 16 27
荧光履 8810 昆仑山 80 21500 7350 18 31
飞龙履 8810 昆仑山 90 25000 7800 20 35
云龙鞋 8810 昆仑山 100 28500 8250 22 39
乾云履 8810 昆仑山 110 32000 8700 24 43
玄天履 8812 昆仑山 120 35500 9150 26 47
古藤鞋 8806 茅山 20 1200 4700 6 7
哓风鞋 8805 茅山 25 2300 4900 7 9
玉露鞋 8805 茅山 30 4000 5100 8 11
地坤鞋 8805 茅山 35 5700 5300 9 13
唤云鞋 8805 茅山 40 7500 5550 10 15
秋水履 8805 茅山 45 9300 5800 11 17
翼飞履 8805 茅山 50 11000 6000 12 19
杏风鞋 8809 茅山 55 12700 6200 13 21
翠玉鞋 8809 茅山 60 14500 6450 14 23
欣风鞋 8809 茅山 65 16300 6700 15 25
嗜天鞋 8810 茅山 70 18000 6900 16 27
斩侯履 8810 茅山 80 21500 7350 18 31
斥云履 8810 茅山 90 25000 7800 20 35
混雷履 8812 茅山 100 28500 8250 22 39
斩风履 8812 茅山 110 32000 8700 24 43
衾天履 8812 茅山 120 35500 9150 26 47
古甲鞋 8806 云梦泽 20 1200 4700 6 7
镶铁鞋 8806 云梦泽 25 2300 4900 7 9
传风履 8806 云梦泽 30 4000 5100 8 11
心骅履 8807 云梦泽 35 5700 5300 9 13
浑霜履 8810 云梦泽 40 7500 5550 10 15
苍昆履 8810 云梦泽 45 9300 5800 11 17
跃天履 8810 云梦泽 50 11000 6000 12 19
照世履 8810 云梦泽 55 12700 6200 13 21
彻云履 8810 云梦泽 60 14500 6450 14 23
蕲木履 8808 云梦泽 65 16300 6700 15 25
倾露鞋 8810 云梦泽 70 18000 6900 16 27
飞羽履 8810 云梦泽 80 21500 7350 18 31
冥光履 8810 云梦泽 90 25000 7800 20 35
炽纹履 8811 云梦泽 100 28500 8250 22 39
炎鳞履 8811 云梦泽 110 32000 8700 24 43
天乾履 8812 云梦泽 120 35500 9150 26 47
